<!--  =============================================================================================================================================    -->
<!--  =========================================================АНИМАЦИЯ============================================================================    -->
     <TimeSensor DEF="таймер" loop="true" cycleInterval="100"/>
 <!--  первые 191-195 строки keyValue - переместиться к магазину, опуститься и взять деталь, поднять ее   -->
 <!--  следующие 197-204 строки  keyValue - переместиться к токарному станку установить деталь, уйти и позже забрать готовую   -->
 <!--  следующие 206-213 строки  keyValue - переместиться к фрезерному станку установить деталь, уйти и позже забрать готовую   -->
 <!--  следующие 215-221 строки  keyValue - переместиться к сверлильному станку установить деталь, уйти и позже забрать готовую   -->
 <!--  следующие 223-225 строки  keyValue - переместиться к ТВЧ печи вставить в нее деталь и после того как она будет готова забрать   -->
 <!--  следующие 228-234 строки  keyValue - переместиться к закалочной ванне опустить в нее деталь и после того как она будет готова забрать   -->
  <!--  манипулятор    --> 
 <OrientationInterpolator DEF="АН0" key=",.006,.012,.018,.024,.030,.036,.042,.048,.054,.060,.066,.072,.078,.084,.090,.096,
  .102,.108,.114,.120,.126,.132,.138,.144,.150,.156,.162,.168,.174,.180,.186,.192,.198, 
  .204,.210,.216,.222,.228,.234,.240,.246,.252,.258,.264,.270,.276,.282,.288,.294,
  .300,.306,.312,.318,.324,.330,.336,.342,.348,.354,.360,.366,.372,.378,.384,.390,.396,
  .402,.408,.414,.420,.426,.432,.438,.444,.450,.456,.462,.468,.474,.480,.486,.492,.498,
  .504,.510,.516,.522,.528,.534,.540,.546,.552,.558,.564,.570,.576,.582,.588,.594,
  .600,.606,.612,.618,.624,.630,.636,.642,.648,.654,.660,.666,.672,.678,.684,.690,.696,
  .702,.708,.714,.720,.726,.732,.738,.744,.750,.756,.762,.768,.774,.780,.786,.792,.798,
  .804,.810,.816,.822,.828,.834,.840,.846,.852,.858,.864,.870,.876,.882,.888,.894,
  .900,.906,.912,.918,.924,.930,.936,.942,.948,.954,.960,.966,.972,.978,.984,.990,.996,1"

keyValue="0 0 0  0.000, 0 1 0 -0.100, 0 1 0 -0.300, 0 1 0 -0.500, 0 1 0 -0.700, 
          0 1 0 -1.022, 0 1 0 -1.022, 0 1 0 -1.022, 0 1 0 -1.022, 0 1 0 -1.022,
          0 1 0 -1.022, 0 1 0 -1.022, 0 1 0 -1.022, 0 1 0 -1.022, 0 1 0 -1.022,
          0 1 0 -1.022, 0 1 0 -1.022, 0 1 0 -1.022, 0 1 0 -1.022, 0 1 0 -1.022,
          0 1 0 -1.022, 0 1 0 -1.022, 0 1 0 -1.022, 0 1 0 -1.022, 0 1 0 -1.022,

          0 1 0 -1.062, 0 1 0 -1.122, 0 1 0 -1.172, 0 1 0 -1.272, 0 1 0 -1.372, 
          0 1 0 -1.472, 0 1 0 -1.572, 0 1 0 -1.772, 0 1 0 -1.859, 0 1 0 -1.859,
          0 1 0 -1.859, 0 1 0 -1.859, 0 1 0 -1.859, 0 1 0 -1.859, 0 1 0 -1.859, 
          0 1 0 -1.859, 0 1 0 -1.859, 0 1 0 -1.859, 0 1 0 -1.859, 0 1 0 -1.859,
          0 1 0 -1.859, 0 1 0 -1.859, 0 1 0 -1.859, 0 1 0 -1.859, 0 1 0 -1.859,
          0 1 0 -1.859, 0 1 0 -1.859, 0 1 0 -1.859, 0 1 0 -1.859, 0 1 0 -1.859,
          0 1 0 -1.859, 0 1 0 -1.859, 0 1 0 -1.859, 0 1 0 -1.859, 0 1 0 -1.859,
          0 1 0 -1.859, 0 1 0 -1.859, 0 1 0 -1.859, 0 1 0 -1.859, 0 1 0 -1.859,
          
          0 1 0 -2.159, 0 1 0 -2.359, 0 1 0 -2.659, 0 1 0 -2.659, 0 1 0 -2.659,
          0 1 0 -2.659, 0 1 0 -2.644, 0 1 0 -2.644, 0 1 0 -2.644, 0 1 0 -2.652,
          0 1 0 -2.652, 0 1 0 -2.652, 0 1 0 -2.652, 0 1 0 -2.652, 0 1 0 -2.652,
          0 1 0 -2.642, 0 1 0 -2.622, 0 1 0 -2.602, 0 1 0 -2.602, 0 1 0 -2.602,
          0 1 0 -2.602, 0 1 0 -2.602, 0 1 0 -2.602, 0 1 0 -2.602, 0 1 0 -2.602,
          0 1 0 -2.622, 0 1 0 -2.642, 0 1 0 -2.652, 0 1 0 -2.652, 0 1 0 -2.652,
          0 1 0 -2.652, 0 1 0 -2.652, 0 1 0 -2.652, 0 1 0 -2.652, 0 1 0 -2.652,
          0 1 0 -2.642, 0 1 0 -2.622, 0 1 0 -2.602, 0 1 0 -2.602, 0 1 0 -2.602,

          0 1 0 -2.802, 0 1 0 -3.052, 0 1 0 -3.202, 0 1 0 -3.439, 0 1 0 -3.439,
          0 1 0 -3.439, 0 1 0 -3.439, 0 1 0 -3.439, 0 1 0 -3.439, 0 1 0 -3.439,  
          0 1 0 -3.439, 0 1 0 -3.439, 0 1 0 -3.439, 0 1 0 -3.439, 0 1 0 -3.439, 
          0 1 0 -3.439, 0 1 0 -3.439, 0 1 0 -3.439, 0 1 0 -3.439, 0 1 0 -3.439, 
          0 1 0 -3.439, 0 1 0 -3.439, 0 1 0 -3.439, 0 1 0 -3.439, 0 1 0 -3.439, 
          0 1 0 -3.439, 0 1 0 -3.439, 0 1 0 -3.439, 0 1 0 -3.439, 0 1 0 -3.439, 
          0 1 0 -3.439, 0 1 0 -3.439, 0 1 0 -3.439, 0 1 0 -3.439, 0 1 0 -3.439, 

          0 1 0 -3.650, 0 1 0 -3.850, 0 1 0 -4.150, 0 1 0 -4.150, 0 1 0 -4.150,
          0 1 0 -4.150, 0 1 0 -4.150, 0 1 0 -4.150, 0 1 0 -4.150, 0 1 0 -4.150, 
          0 1 0 -4.150, 0 1 0 -4.150, 0 1 0 -4.150, 0 1 0 -4.150, 0 1 0 -4.150, 

          0 1 0 -4.280, 0 1 0 -4.380, 0 1 0 -4.580, 0 1 0 -4.680, 0 1 0 -4.780,   
          0 1 0 -4.780, 0 1 0 -4.780, 0 1 0 -4.780, 0 1 0 -4.780, 0 1 0 -4.780,
          0 1 0 -4.780, 0 1 0 -4.780, 0 1 0 -4.780, 0 1 0 -4.780, 0 1 0 -4.780,   
          0 1 0 -4.780, 0 1 0 -4.780, 0 1 0 -4.780, 0 1 0 -4.780, 0 1 0 -4.835,
          0 1 0 -5.035, 0 1 0 -5.135, 0 1 0 -5.135, 0 1 0 -5.135, 0 1 0 -5.135,
          0 1 0 -5.135, 0 1 0 -5.135, 0 1 0 -5.135, 0 1 0 -5.135, 0 1 0 -5.135,
          0 1 0 -5.135, 0 1 0 -5.135, 0 1 0 -5.135, 0 1 0 -5.135,

">
      </OrientationInterpolator>  <!--  вращение 1  -->

 <PositionInterpolator DEF="АН1" key=",.006,.012,.018,.024,.030,.036,.042,.048,.054,.060,.066,.072,.078,.084,.090,.096,
  .102,.108,.114,.120,.126,.132,.138,.144,.150,.156,.162,.168,.174,.180,.186,.192,.198, 
  .204,.210,.216,.222,.228,.234,.240,.246,.252,.258,.264,.270,.276,.282,.288,.294,
  .300,.306,.312,.318,.324,.330,.336,.342,.348,.354,.360,.366,.372,.378,.384,.390,.396,
  .402,.408,.414,.420,.426,.432,.438,.444,.450,.456,.462,.468,.474,.480,.486,.492,.498,
  .504,.510,.516,.522,.528,.534,.540,.546,.552,.558,.564,.570,.576,.582,.588,.594,
  .600,.606,.612,.618,.624,.630,.636,.642,.648,.654,.660,.666,.672,.678,.684,.690,.696,
  .702,.708,.714,.720,.726,.732,.738,.744,.750,.756,.762,.768,.774,.780,.786,.792,.798,
  .804,.810,.816,.822,.828,.834,.840,.846,.852,.858,.864,.870,.876,.882,.888,.894,
  .900,.906,.912,.918,.924,.930,.936,.942,.948,.954,.960,.966,.972,.978,.984,.990,.996,1" 

keyValue="-0.04 0.73 1.000, -0.04 0.73 1.500, -0.04 0.73 2.000, -0.04 0.73 2.500, -0.04 0.73 2.700,
          -0.04 0.73 2.759, -0.04 0.73 2.759, -0.04 0.73 2.759, -0.04 0.73 2.759, -0.04 0.73 2.759,
          -0.04 0.73 2.759, -0.04 0.73 2.759, -0.04 0.73 2.759, -0.04 0.73 2.759, -0.04 0.73 2.759,
          -0.04 0.73 2.759, -0.04 0.73 2.759, -0.04 0.73 2.759, -0.04 0.73 2.759, -0.04 0.73 2.759,
          -0.04 0.73 2.759, -0.04 0.73 2.500, -0.04 0.73 2.000, -0.04 0.73 1.500, -0.04 0.73 1.000,

          -0.04 0.73 1.000, -0.04 0.73 1.000, -0.04 0.73 1.000, -0.04 0.73 1.000, -0.04 0.73 1.000, 
          -0.04 0.73 1.000, -0.04 0.73 1.000, -0.04 0.73 1.000, -0.04 0.73 1.000, -0.04 0.73 1.000,
          -0.04 0.73 1.500, -0.04 0.73 2.000, -0.04 0.73 2.330, -0.04 0.73 2.630, -0.04 0.73 2.930,
          -0.04 0.73 2.930, -0.04 0.73 2.930, -0.04 0.73 2.930, -0.04 0.73 2.630, -0.04 0.73 2.330,
          -0.04 0.73 2.000, -0.04 0.73 2.000, -0.04 0.73 2.000, -0.04 0.73 2.000, -0.04 0.73 2.000,
          -0.04 0.73 2.000, -0.04 0.73 2.000, -0.04 0.73 2.000, -0.04 0.73 2.000, -0.04 0.73 2.000,
          -0.04 0.73 2.330, -0.04 0.73 2.630, -0.04 0.73 2.930, -0.04 0.73 2.930, -0.04 0.73 2.930,
          -0.04 0.73 2.930, -0.04 0.73 2.930, -0.04 0.73 2.530, -0.04 0.73 2.030, -0.04 0.73 1.500,
          
          -0.04 0.73 1.500, -0.04 0.73 1.500, -0.04 0.73 1.500, -0.04 0.73 2.030, -0.04 0.73 2.530,
          -0.04 0.73 3.000, -0.04 0.73 3.100, -0.04 0.73 3.200, -0.04 0.73 3.296, -0.04 0.73 3.296,
          -0.04 0.73 3.296, -0.04 0.73 3.296, -0.04 0.73 3.296, -0.04 0.73 3.296, -0.04 0.73 3.296,
          -0.04 0.73 2.896, -0.04 0.73 2.596, -0.04 0.73 1.996, -0.04 0.73 1.996, -0.04 0.73 1.996,
          -0.04 0.73 1.996, -0.04 0.73 1.996, -0.04 0.73 1.996, -0.04 0.73 1.996, -0.04 0.73 1.996,
          -0.04 0.73 2.596, -0.04 0.73 2.896, -0.04 0.73 3.296, -0.04 0.73 3.296, -0.04 0.73 3.296,
          -0.04 0.73 3.296, -0.04 0.73 3.296, -0.04 0.73 3.296, -0.04 0.73 3.296, -0.04 0.73 3.296,
          -0.04 0.73 2.896, -0.04 0.73 2.496, -0.04 0.73 2.096, -0.04 0.73 1.896, -0.04 0.73 0.996,

          -0.04 0.73 0.996, -0.04 0.73 0.996, -0.04 0.73 1.296, -0.04 0.73 1.596, -0.04 0.73 1.896,
          -0.04 0.73 1.996, -0.04 0.73 2.396, -0.04 0.73 2.996, -0.04 0.73 2.996, -0.04 0.73 2.996,
          -0.04 0.73 2.996, -0.04 0.73 2.496, -0.04 0.73 2.096, -0.04 0.73 1.796, -0.04 0.73 1.396,
          -0.04 0.73 1.396, -0.04 0.73 1.396, -0.04 0.73 1.396, -0.04 0.73 1.396, -0.04 0.73 1.396,
          -0.04 0.73 1.396, -0.04 0.73 1.396, -0.04 0.73 1.396, -0.04 0.73 1.396, -0.04 0.73 1.796, 
          -0.04 0.73 2.096, -0.04 0.73 2.496, -0.04 0.73 2.990, -0.04 0.73 2.990, -0.04 0.73 2.990,
          -0.04 0.73 2.496, -0.04 0.73 2.096, -0.04 0.73 1.796, -0.04 0.73 1.396, -0.04 0.73 0.996,

          -0.04 0.73 0.996, -0.04 0.73 0.996, -0.04 0.73 0.996, -0.04 0.73 0.996, -0.04 0.73 1.596, 
          -0.04 0.73 1.996, -0.04 0.73 2.496, -0.04 0.73 2.796, -0.04 0.73 2.796, -0.04 0.73 2.796,
          -0.04 0.73 2.496, -0.04 0.73 1.996, -0.04 0.73 1.596, -0.04 0.73 0.996, -0.04 0.73 0.996,

          -0.04 0.73 0.996, -0.04 0.73 0.996, -0.04 0.73 0.996, -0.04 0.73 1.296, -0.04 0.73 1.596, 
          -0.04 0.73 1.996, -0.04 0.73 2.496, -0.04 0.73 2.996, -0.04 0.73 2.996, -0.04 0.73 3.196,
          -0.04 0.73 3.196, -0.04 0.73 3.196, -0.04 0.73 3.196, -0.04 0.73 3.196, -0.04 0.73 3.196,
          -0.04 0.73 3.196, -0.04 0.73 3.196, -0.04 0.73 3.196, -0.04 0.73 3.196, -0.04 0.73 3.450, 
          -0.04 0.73 3.850, -0.04 0.73 4.050, -0.04 0.73 4.050, -0.04 0.73 4.050, -0.04 0.73 4.050,
          -0.04 0.73 4.050, -0.04 0.73 4.050, -0.04 0.73 4.050, -0.04 0.73 4.050, -0.04 0.73 4.050,
          -0.04 0.73 3.350, -0.04 0.73 2.550, -0.04 0.73 1.650, -0.04 0.73 0.996, 


            ">
      </PositionInterpolator> <!--  выдвижение  2 -->

 <OrientationInterpolator DEF="АН21" key=",.006,.012,.018,.024,.030,.036,.042,.048,.054,.060,.066,.072,.078,.084,.090,.096,
  .102,.108,.114,.120,.126,.132,.138,.144,.150,.156,.162,.168,.174,.180,.186,.192,.198, 
  .204,.210,.216,.222,.228,.234,.240,.246,.252,.258,.264,.270,.276,.282,.288,.294,
  .300,.306,.312,.318,.324,.330,.336,.342,.348,.354,.360,.366,.372,.378,.384,.390,.396,
  .402,.408,.414,.420,.426,.432,.438,.444,.450,.456,.462,.468,.474,.480,.486,.492,.498,
  .504,.510,.516,.522,.528,.534,.540,.546,.552,.558,.564,.570,.576,.582,.588,.594,
  .600,.606,.612,.618,.624,.630,.636,.642,.648,.654,.660,.666,.672,.678,.684,.690,.696,
  .702,.708,.714,.720,.726,.732,.738,.744,.750,.756,.762,.768,.774,.780,.786,.792,.798,
  .804,.810,.816,.822,.828,.834,.840,.846,.852,.858,.864,.870,.876,.882,.888,.894,
  .900,.906,.912,.918,.924,.930,.936,.942,.948,.954,.960,.966,.972,.978,.984,.990,.996,1"

keyValue="0 0 0  0.000, 0 0 0  0.000, 0 0 0  0.000, 0 0 0  0.000, 0 0 0  0.000, 
          0 0 0  0.000, 0 0 0  0.000, 0 0 0  0.000, 0 0 0  0.000, 0 0 0  0.000,
          0 0 0  0.000, 0 0 0  0.000, 0 0 0  0.000, 0 0 0  0.000, 0 0 0  0.000,
          0 0 0  0.000, 0 0 0  0.000, 0 0 0  0.000, 0 0 0  0.000, 0 0 0  0.000,
          0 0 0  0.000, 0 0 0  0.000, 0 0 0  0.000, 0 0 0  0.000, 0 0 0  0.000,

          0 0 0  0.200, 0 0 1  0.400, 0 0 1  0.800, 0 0 1  1.250, 0 0 1  1.570,
          0 0 1  1.570, 0 0 1  1.570, 0 0 1  1.570, 0 0 1  1.570, 0 0 1  1.570,
          0 0 1  1.570, 0 0 1  1.570, 0 0 1  1.570, 0 0 1  1.570, 0 0 1  1.570,
          0 0 1  1.570, 0 0 1  1.570, 0 0 1  1.570, 0 0 1  1.570, 0 0 1  1.570,
          0 0 1  1.570, 0 0 1  1.570, 0 0 1  1.570, 0 0 1  1.570, 0 0 1  1.570,
          0 0 1  1.570, 0 0 1  1.570, 0 0 1  1.570, 0 0 1  1.570, 0 0 1  1.570,
          0 0 1  1.570, 0 0 1  1.570, 0 0 1  1.570, 0 0 1  1.570, 0 0 1  1.570,
          0 0 1  1.570, 0 0 1  1.570, 0 0 1  1.570, 0 0 1  1.570, 0 0 1  1.570,

          0 0 1  1.570, 0 0 1  1.570, 0 0 1  1.570, 0 0 1  1.570, 0 0 1  1.570,
          0 0 1  1.570, 0 0 1  1.570, 0 0 1  1.570, 0 0 1  1.570, 0 0 1  1.570,
          0 0 1  1.570, 0 0 1  1.570, 0 0 1  1.570, 0 0 1  1.570, 0 0 1  1.570,
          0 0 1  1.570, 0 0 1  1.570, 0 0 1  1.570, 0 0 1  1.570, 0 0 1  1.570,
          0 0 1  1.570, 0 0 1  1.570, 0 0 1  1.570, 0 0 1  1.570, 0 0 1  1.570,
          0 0 1  1.570, 0 0 1  1.570, 0 0 1  1.570, 0 0 1  1.570, 0 0 1  1.570,
          0 0 1  1.570, 0 0 1  1.570, 0 0 1  1.570, 0 0 1  1.570, 0 0 1  1.570,
          0 0 1  1.570, 0 0 1  1.570, 0 0 1  1.570, 0 0 1  1.570, 0 0 1  1.570,

          0 0 1  1.070, 0 0 1  1.570, 0 0 1  0.570, 0 0 1  0.000, 0 0 1  0.000,
          0 0 1  0.000, 0 0 1  0.000, 0 0 1  0.000, 0 0 1  0.000, 0 0 1  0.000,
          0 0 1  0.000, 0 0 1  0.000, 0 0 1  0.000, 0 0 1  0.000, 0 0 1  0.000,
          0 0 1  0.000, 0 0 1  0.000, 0 0 1  0.000, 0 0 1  0.000, 0 0 1  0.000,
          0 0 1  0.000, 0 0 1  0.000, 0 0 1  0.000, 0 0 1  0.000, 0 0 1  0.000,
          0 0 1  0.000, 0 0 1  0.000, 0 0 1  0.000, 0 0 1  0.000, 0 0 1  0.000, 
          0 0 1  0.000, 0 0 1  0.000, 0 0 1  0.000, 0 0 1  0.000, 0 0 1  0.000, 

          0 0 1  0.000, 0 0 1  0.000, 0 0 1  0.085, 0 0 1  0.185, 0 0 1  0.285,
          0 0 1  0.285, 0 0 1  0.285, 0 0 1  0.285, 0 0 1  0.285, 0 0 1  0.285,
          0 0 1  0.285, 0 0 1  0.285, 0 0 1  0.285, 0 0 1  0.285, 0 0 1  0.285,

          0 0 1  0.185, 0 0 1  0.125, 0 0 1  0.085, 0 0 1  0.035, 0 0 1  0.000,
          0 0 1  0.000, 0 0 1  0.000, 0 0 1  0.000, 0 0 1  0.000, 0 0 1  0.000,
          0 0 1  0.000, 0 0 1  0.000, 0 0 1  0.000, 0 0 1  0.000, 0 0 1  0.000,
          0 0 1  0.000, 0 0 1  0.000, 0 0 1  0.000, 0 0 1  0.000, 0 0 1  0.000,
          0 0 1  0.000, 0 0 1  0.000, 0 0 1  0.000, 0 0 1  0.000, 0 0 1  0.000,
          0 0 1  0.000, 0 0 1  0.000, 0 0 1  0.000, 0 0 1  0.000, 0 0 1  0.000,
          0 0 1  0.000, 0 0 1  0.000, 0 0 1  0.000, 0 0 1  0.000,

">
      </OrientationInterpolator>  <!--  вращение 21  -->
 <OrientationInterpolator DEF="АН2" key=", .006,.012,.018,.024,.030,.036,.042,.048,.054,.060,.066,.072,.078,.084,.090,.096,
  .102,.108,.114,.120,.126,.132,.138,.144,.150,.156,.162,.168,.174,.180,.186,.192,.198, 
  .204,.210,.216,.222,.228,.234,.240,.246,.252,.258,.264,.270,.276,.282,.288,.294,
  .300,.306,.312,.318,.324,.330,.336,.342,.348,.354,.360,.366,.372,.378,.384,.390,.396,
  .402,.408,.414,.420,.426,.432,.438,.444,.450,.456,.462,.468,.474,.480,.486,.492,.498,
  .504,.510,.516,.522,.528,.534,.540,.546,.552,.558,.564,.570,.576,.582,.588,.594,
  .600,.606,.612,.618,.624,.630,.636,.642,.648,.654,.660,.666,.672,.678,.684,.690,.696,
  .702,.708,.714,.720,.726,.732,.738,.744,.750,.756,.762,.768,.774,.780,.786,.792,.798,
  .804,.810,.816,.822,.828,.834,.840,.846,.852,.858,.864,.870,.876,.882,.888,.894,
  .900,.906,.912,.918,.924,.930,.936,.942,.948,.954,.960,.966,.972,.978,.984,.990,.996, 1"

keyValue="0 0 0 0.000, 1 0 0 0.300, 1 0 0 0.600, 1 0 0 0.800, 1 0 0 1.100,  
          1 0 0 1.542, 1 0 0 1.542, 1 0 0 1.542, 1 0 0 1.542, 1 0 0 1.542,
          1 0 0 1.542, 1 0 0 1.542, 1 0 0 1.542, 1 0 0 1.542, 1 0 0 1.542,
          1 0 0 1.542, 1 0 0 1.542, 1 0 0 1.542, 1 0 0 1.342, 1 0 0 1.042,
          1 0 0 0.842, 1 0 0 0.642, 1 0 0 0.342, 0 0 0 0.000, 0 0 0 0.000,

          0 0 0 0.000, 0 0 0 0.000, 0 0 0 0.000, 0 0 0 0.000, 0 0 0 0.000,
          0 0 0 0.000, 0 0 0 0.000, 0 0 0 0.000, 1 0 0 0.080, 1 0 0 0.130,
          1 0 0 0.180, 1 0 0 0.230, 1 0 0 0.260, 1 0 0 0.280, 1 0 0 0.280, 
          1 0 0 0.280, 1 0 0 0.280, 1 0 0 0.280, 1 0 0 0.280, 1 0 0 0.280,
          1 0 0 0.280, 1 0 0 0.280, 1 0 0 0.280, 1 0 0 0.280, 1 0 0 0.280,
          1 0 0 0.280, 1 0 0 0.280, 1 0 0 0.280, 1 0 0 0.280, 1 0 0 0.280,
          1 0 0 0.280, 1 0 0 0.280, 1 0 0 0.280, 1 0 0 0.280, 1 0 0 0.280,
          1 0 0 0.280, 1 0 0 0.280, 1 0 0 0.280, 1 0 0 0.280, 1 0 0 0.280,

          1 0 0 0.280, 1 0 0 0.280, 1 0 0 0.280, 1 0 0 0.280, 1 0 0 0.280,
          1 0 0 0.280, 1 0 0 -0.22, 1 0 0 -0.22, 1 0 0 -0.22, 1 0 0 -0.22, 
          1 0 0 -0.22, 1 0 0 -0.22, 1 0 0 -0.22, 1 0 0 -0.22, 1 0 0 -0.22,
          1 0 0 -0.22, 1 0 0 -0.22, 1 0 0 -0.22, 1 0 0 -0.22, 1 0 0 -0.22,
          1 0 0 -0.22, 1 0 0 -0.22, 1 0 0 -0.22, 1 0 0 -0.22, 1 0 0 -0.22,
          1 0 0 -0.22, 1 0 0 -0.22, 1 0 0 -0.22, 1 0 0 -0.22, 1 0 0 -0.22,
          1 0 0 -0.22, 1 0 0 -0.22, 1 0 0 -0.22, 1 0 0 -0.22, 1 0 0 -0.22,
          1 0 0 -0.22, 1 0 0 -0.22, 1 0 0 -0.22, 1 0 0 -0.22, 1 0 0 -0.22,

          1 0 0 -0.22, 1 0 0 -0.15, 1 0 0 -0.05, 1 0 0 0.000, 1 0 0 0.000,
          1 0 0 0.000, 1 0 0 0.000, 1 0 0 0.000, 1 0 0 0.000, 1 0 0 0.000,
          1 0 0 0.000, 1 0 0 0.000, 1 0 0 0.000, 1 0 0 0.000, 1 0 0 0.000,
          1 0 0 0.000, 1 0 0 0.000, 1 0 0 0.000, 1 0 0 0.000, 1 0 0 0.000,
          1 0 0 0.000, 1 0 0 0.000, 1 0 0 0.000, 1 0 0 0.000, 1 0 0 0.000, 
          1 0 0 0.120, 1 0 0 0.200, 1 0 0 0.220, 1 0 0 0.220, 1 0 0 0.220,
          1 0 0 0.220, 1 0 0 0.220, 1 0 0 0.220, 1 0 0 0.220, 1 0 0 0.220,

          1 0 0 0.000, 1 0 0 -0.370,1 0 0 -0.670,1 0 0 -0.970,1 0 0 -1.270,
          1 0 0 -1.570,1 0 0 -1.570,1 0 0 -1.570,1 0 0 -1.570,1 0 0 -1.570,
          1 0 0 -1.570,1 0 0 -1.570,1 0 0 -1.570,1 0 0 -1.570,1 0 0 -1.570,

          1 0 0 -1.270,1 0 0 -1.070,1 0 0 -0.770,1 0 0 -0.270,1 0 0 -0.000,
          1 0 0  0.570,1 0 0  0.900,1 0 0  1.170,1 0 0  1.570,1 0 0  1.570,
          1 0 0  1.570,1 0 0  1.570,1 0 0  1.570,1 0 0  1.570,1 0 0  1.570,
          1 0 0  1.570,1 0 0  1.570,1 0 0  1.570,1 0 0  1.570,1 0 0  1.570,
          1 0 0  1.570,1 0 0  1.570,1 0 0  1.570,1 0 0  1.570,1 0 0  1.570,
          1 0 0  1.570,1 0 0  1.570,1 0 0  1.570,1 0 0  1.570,1 0 0  1.270,
          1 0 0  1.070,1 0 0  0.670,1 0 0  0.370,1 0 0  0.000,


          ">
      </OrientationInterpolator>  <!--  вращение  3 -->

  <PositionInterpolator DEF="АН3" key=", .006,.012,.018,.024,.030,.036,.042,.048,.054,.060,.066,.072,.078,.084,.090,.096,
  .102,.108,.114,.120,.126,.132,.138,.144,.150,.156,.162,.168,.174,.180,.186,.192,.198, 
  .204,.210,.216,.222,.228,.234,.240,.246,.252,.258,.264,.270,.276,.282,.288,.294,
  .300,.306,.312,.318,.324,.330,.336,.342,.348,.354,.360,.366,.372,.378,.384,.390,.396,
  .402,.408,.414,.420,.426,.432,.438,.444,.450,.456,.462,.468,.474,.480,.486,.492,.498,
  .504,.510,.516,.522,.528,.534,.540,.546,.552,.558,.564,.570,.576,.582,.588,.594,
  .600,.606,.612,.618,.624,.630,.636,.642,.648,.654,.660,.666,.672,.678,.684,.690,.696,
  .702,.708,.714,.720,.726,.732,.738,.744,.750,.756,.762,.768,.774,.780,.786,.792,.798,
  .804,.810,.816,.822,.828,.834,.840,.846,.852,.858,.864,.870,.876,.882,.888,.894,
  .900,.906,.912,.918,.924,.930,.936,.942,.948,.954,.960,.966,.972,.978,.984,.990,.996,1" 

keyValue="0 0 0.380, 0 0 0.400, 0 0 0.520, 0 0 0.520, 0 0 0.52, 
          0 0 0.650, 0 0 0.770, 0 0 0.985, 0 0 0.985, 0 0 0.985,
          0 0 0.985, 0 0 0.985, 0 0 0.985, 0 0 0.985, 0 0 0.985, 
          0 0 0.885, 0 0 0.785, 0 0 0.685, 0 0 0.585, 0 0 0.485,
          0 0 0.385, 0 0 0.385, 0 0 0.385, 0 0 0.385, 0 0 0.385,

          0 0 0.385, 0 0 0.385, 0 0 0.385, 0 0 0.385, 0 0 0.385,
          0 0 0.385, 0 0 0.400, 0 0 0.425, 0 0 0.450, 0 0 0.475,
          0 0 0.500, 0 0 0.509, 0 0 0.509, 0 0 0.509, 0 0 0.509,
          0 0 0.509, 0 0 0.509, 0 0 0.509, 0 0 0.509, 0 0 0.509,
          0 0 0.509, 0 0 0.509, 0 0 0.509, 0 0 0.509, 0 0 0.509,
          0 0 0.509, 0 0 0.509, 0 0 0.509, 0 0 0.509, 0 0 0.509,
          0 0 0.509, 0 0 0.509, 0 0 0.509, 0 0 0.509, 0 0 0.509,
          0 0 0.509, 0 0 0.509, 0 0 0.509, 0 0 0.509, 0 0 0.509,

          0 0 0.509, 0 0 0.509, 0 0 0.509, 0 0 0.509, 0 0 0.509,
          0 0 0.509, 0 0 0.509, 0 0 0.509, 0 0 0.509, 0 0 0.509,
          0 0 0.509, 0 0 0.509, 0 0 0.509, 0 0 0.509, 0 0 0.509,
          0 0 0.509, 0 0 0.509, 0 0 0.509, 0 0 0.509, 0 0 0.509,
          0 0 0.509, 0 0 0.509, 0 0 0.509, 0 0 0.509, 0 0 0.509,
          0 0 0.509, 0 0 0.509, 0 0 0.509, 0 0 0.509, 0 0 0.509,
          0 0 0.509, 0 0 0.509, 0 0 0.509, 0 0 0.509, 0 0 0.509,
          0 0 0.509, 0 0 0.509, 0 0 0.509, 0 0 0.509, 0 0 0.509,

          0 0 0.509, 0 0 0.509, 0 0 0.509, 0 0 0.509, 0 0 0.509,
          0 0 0.509, 0 0 0.509, 0 0 0.509, 0 0 0.509, 0 0 0.509,
          0 0 0.509, 0 0 0.509, 0 0 0.509, 0 0 0.509, 0 0 0.509,
          0 0 0.509, 0 0 0.509, 0 0 0.509, 0 0 0.509, 0 0 0.509,
          0 0 0.509, 0 0 0.509, 0 0 0.509, 0 0 0.509, 0 0 0.509,
          0 0 0.509, 0 0 0.509, 0 0 0.509, 0 0 0.509, 0 0 0.509, 
          0 0 0.509, 0 0 0.509, 0 0 0.509, 0 0 0.509, 0 0 0.509, 

          0 0 0.509, 0 0 0.509, 0 0 0.440, 0 0 0.390, 0 0 0.340, 
          0 0 0.340, 0 0 0.340, 0 0 0.340, 0 0 0.340, 0 0 0.340,
          0 0 0.340, 0 0 0.340, 0 0 0.340, 0 0 0.340, 0 0 0.340,

          0 0 0.340, 0 0 0.340, 0 0 0.340, 0 0 0.340, 0 0 0.340,
          0 0 0.340, 0 0 0.340, 0 0 0.440, 0 0 0.640, 0 0 0.840,
          0 0 0.840, 0 0 0.840, 0 0 0.840, 0 0 0.840, 0 0 0.640,
          0 0 0.440, 0 0 0.340, 0 0 0.340, 0 0 0.340, 0 0 0.340,
          0 0 0.480, 0 0 0.680, 0 0 0.880, 0 0 0.880, 0 0 0.880,
          0 0 0.880, 0 0 0.880, 0 0 0.680, 0 0 0.480, 0 0 0.340,  
          0 0 0.340, 0 0 0.340, 0 0 0.340, 0 0 0.340,

         ">
      </PositionInterpolator> <!--  выдвижение  4 -->

 <OrientationInterpolator DEF="АН4" key=", .006,.012,.018,.024,.030,.036,.042,.048,.054,.060,.066,.072,.078,.084,.090,.096,
  .102,.108,.114,.120,.126,.132,.138,.144,.150,.156,.162,.168,.174,.180,.186,.192,.198, 
  .204,.210,.216,.222,.228,.234,.240,.246,.252,.258,.264,.270,.276,.282,.288,.294,
  .300,.306,.312,.318,.324,.330,.336,.342,.348,.354,.360,.366,.372,.378,.384,.390,.396,
  .402,.408,.414,.420,.426,.432,.438,.444,.450,.456,.462,.468,.474,.480,.486,.492,.498,
  .504,.510,.516,.522,.528,.534,.540,.546,.552,.558,.564,.570,.576,.582,.588,.594,
  .600,.606,.612,.618,.624,.630,.636,.642,.648,.654,.660,.666,.672,.678,.684,.690,.696,
  .702,.708,.714,.720,.726,.732,.738,.744,.750,.756,.762,.768,.774,.780,.786,.792,.798,
  .804,.810,.816,.822,.828,.834,.840,.846,.852,.858,.864,.870,.876,.882,.888,.894,
  .900,.906,.912,.918,.924,.930,.936,.942,.948,.954,.960,.966,.972,.978,.984,.990,.996,1"

   keyValue="0 0 0 0.0000, 0 0 1 0.2000, 0 0 1 0.3000, 0 0 1 0.4000, 0 0 1 0.5000,
             0 0 1 0.5551, 0 0 1 0.5551, 0 0 1 0.5551, 0 0 1 0.5551, 0 0 1 0.5551,
             0 0 1 0.5551, 0 0 1 0.5551, 0 0 1 0.5551, 0 0 1 0.5551, 0 0 1 0.5551,
             0 0 1 0.5551, 0 0 1 0.5551, 0 0 1 0.5551, 0 0 1 0.5551, 0 0 1 0.5551,
             0 0 1 0.5551, 0 0 1 0.5551, 0 0 1 0.5551, 0 0 1 0.4000, 0 0 1 0.0000,

             0 0 1 0.4000, 0 0 1 0.6000, 0 0 1 0.8000, 0 0 1 1.0000, 0 0 1 1.2000,
             0 0 1 1.3000, 0 0 1 1.4000, 0 0 1 1.5000, 0 0 1 1.5700, 0 0 1 1.5700,
             0 0 1 1.5700, 0 0 1 1.5700, 0 0 1 1.5700, 0 0 1 1.5700, 0 0 1 1.5700,
             0 0 1 1.5700, 0 0 1 1.5700, 0 0 1 1.5700, 0 0 1 1.5700, 0 0 1 1.5700,
             0 0 1 1.5700, 0 0 1 1.5700, 0 0 1 1.5700, 0 0 1 1.5700, 0 0 1 1.5700,
             0 0 1 1.5700, 0 0 1 1.5700, 0 0 1 1.5700, 0 0 1 1.5700, 0 0 1 1.5700,
             0 0 1 1.5700, 0 0 1 1.5700, 0 0 1 1.5700, 0 0 1 1.5700, 0 0 1 1.5700,
             0 0 1 1.5700, 0 0 1 1.5700, 0 0 1 1.5700, 0 0 1 1.5700, 0 0 1 1.5700,

             0 0 1 1.5700, 0 0 1 1.5700, 0 0 1 1.5700, 0 0 1 1.5700, 0 0 1 1.5700,
             0 0 1 1.5700, 0 0 1 1.5700, 0 0 1 1.5700, 0 0 1 1.5700, 0 0 1 1.5700,
             0 0 1 1.5700, 0 0 1 1.5700, 0 0 1 1.5700, 0 0 1 1.5700, 0 0 1 1.5700,
             0 0 1 1.5700, 0 0 1 1.5700, 0 0 1 1.5700, 0 0 1 1.5700, 0 0 1 1.5700,
             0 0 1 1.5700, 0 0 1 1.5700, 0 0 1 1.5700, 0 0 1 1.5700, 0 0 1 1.5700,
             0 0 1 1.5700, 0 0 1 1.5700, 0 0 1 1.5700, 0 0 1 1.5700, 0 0 1 1.5700,
             0 0 1 1.5700, 0 0 1 1.5700, 0 0 1 1.5700, 0 0 1 1.5700, 0 0 1 1.5700,
             0 0 1 1.5700, 0 0 1 1.5700, 0 0 1 1.5700, 0 0 1 1.5700, 0 0 1 1.5700,

             0 0 1 1.5700, 0 0 1 1.5700, 0 0 1 1.5700, 0 0 1 1.5700, 0 0 1 1.5700,
             0 0 1 1.5700, 0 0 1 1.5700, 0 0 1 1.5700, 0 0 1 1.5700, 0 0 1 1.5700,
             0 0 1 1.5700, 0 0 1 1.5700, 0 0 1 1.5700, 0 0 1 1.5700, 0 0 1 1.5700,
             0 0 1 1.5700, 0 0 1 1.5700, 0 0 1 1.5700, 0 0 1 1.5700, 0 0 1 1.5700,
             0 0 1 1.5700, 0 0 1 1.5700, 0 0 1 1.5700, 0 0 1 1.5700, 0 0 1 1.5700,
             0 0 1 1.5700, 0 0 1 1.5700, 0 0 1 1.5700, 0 0 1 1.5700, 0 0 1 1.5700, 
             0 0 1 1.5700, 0 0 1 1.5700, 0 0 1 1.5700, 0 0 1 1.5700, 0 0 1 1.5700, 

             0 0 1 1.130,  0 0 1 0.430,  0 0 1 -0.130, 0 0 1 -1.930, 0 0 1 -1.530,
             0 0 1 -2.130, 0 0 1 -2.130, 0 0 1 -2.130, 0 0 1 -2.130, 0 0 1 -2.130,
             0 0 1 -2.130, 0 0 1 -2.130, 0 0 1 -2.130, 0 0 1 -2.130, 0 0 1 -2.130,

             0 0 1 -1.550, 0 0 1 -1.030, 0 0 1 -0.530, 0 0 1 -0.030, 0 0 1 0.530,
             0 0 1 1.030,  0 0 1 1.550,  0 0 1 1.550,  0 0 1 1.550,  0 0 1 1.550,
             0 0 1 1.550,  0 0 1 1.550,  0 0 1 1.550,  0 0 1 1.550,  0 0 1 1.550,
             0 0 1 1.550,  0 0 1 1.550,  0 0 1 1.550,  0 0 1 1.550,  0 0 1 1.450,  
             0 0 1 1.350,  0 0 1 1.250,  0 0 1 1.150,  0 0 1 1.150,  0 0 1 1.150, 
             0 0 1 1.150,  0 0 1 1.150,  0 0 1 1.150,  0 0 1 1.150,  0 0 1 1.150,
             0 0 1 1.150,  0 0 1 1.150,  0 0 1 1.150,  0 0 1 1.150,
             ">
      </OrientationInterpolator>  <!--  вращение  5 -->

 <!--  пальцы -->
 <PositionInterpolator DEF="АН5" key=", .006,.012,.018,.024,.030,.036,.042,.048,.054,.060,.066,.072,.078,.084,.090,.096,
  .102,.108,.114,.120,.126,.132,.138,.144,.150,.156,.162,.168,.174,.180,.186,.192,.198, 
  .204,.210,.216,.222,.228,.234,.240,.246,.252,.258,.264,.270,.276,.282,.288,.294,
  .300,.306,.312,.318,.324,.330,.336,.342,.348,.354,.360,.366,.372,.378,.384,.390,.396,
  .402,.408,.414,.420,.426,.432,.438,.444,.450,.456,.462,.468,.474,.480,.486,.492,.498,
  .504,.510,.516,.522,.528,.534,.540,.546,.552,.558,.564,.570,.576,.582,.588,.594,
  .600,.606,.612,.618,.624,.630,.636,.642,.648,.654,.660,.666,.672,.678,.684,.690,.696,
  .702,.708,.714,.720,.726,.732,.738,.744,.750,.756,.762,.768,.774,.780,.786,.792,.798,
  .804,.810,.816,.822,.828,.834,.840,.846,.852,.858,.864,.870,.876,.882,.888,.894,
  .900,.906,.912,.918,.924,.930,.936,.942,.948,.954,.960,.966,.972,.978,.984,.990,.996,1" 

  keyValue="0 0.5 -0.135, 0 0.5 -0.135, 0 0.5 -0.135, 0 0.5 -0.135, 0 0.5 -0.135,
            0 0.5 -0.135, 0 0.5 -0.115, 0 0.5 -0.109, 0 0.5 -0.109, 0 0.5 -0.109,
            0 0.5 -0.109, 0 0.5 -0.109, 0 0.5 -0.109, 0 0.5 -0.109, 0 0.5 -0.109,
            0 0.5 -0.109, 0 0.5 -0.109, 0 0.5 -0.109, 0 0.5 -0.109, 0 0.5 -0.109,
            0 0.5 -0.109, 0 0.5 -0.109, 0 0.5 -0.109, 0 0.5 -0.109, 0 0.5 -0.109,

            0 0.5 -0.109, 0 0.5 -0.109, 0 0.5 -0.109, 0 0.5 -0.109, 0 0.5 -0.109,
            0 0.5 -0.109, 0 0.5 -0.109, 0 0.5 -0.109, 0 0.5 -0.109, 0 0.5 -0.109,
            0 0.5 -0.109, 0 0.5 -0.109, 0 0.5 -0.109, 0 0.5 -0.109, 0 0.5 -0.109,
            0 0.5 -0.115, 0 0.5 -0.135, 0 0.5 -0.135, 0 0.5 -0.135, 0 0.5 -0.135,
            0 0.5 -0.135, 0 0.5 -0.135, 0 0.5 -0.135, 0 0.5 -0.135, 0 0.5 -0.135,
            0 0.5 -0.135, 0 0.5 -0.135, 0 0.5 -0.135, 0 0.5 -0.135, 0 0.5 -0.135,
            0 0.5 -0.135, 0 0.5 -0.135, 0 0.5 -0.135, 0 0.5 -0.135, 0 0.5 -0.135,
            0 0.5 -0.115, 0 0.5 -0.109, 0 0.5 -0.109, 0 0.5 -0.109, 0 0.5 -0.109,

            0 0.5 -0.109, 0 0.5 -0.109, 0 0.5 -0.109, 0 0.5 -0.109, 0 0.5 -0.109,
            0 0.5 -0.109, 0 0.5 -0.109, 0 0.5 -0.109, 0 0.5 -0.109, 0 0.5 -0.109,
            0 0.5 -0.109, 0 0.5 -0.115, 0 0.5 -0.135, 0 0.5 -0.135, 0 0.5 -0.135,
            0 0.5 -0.135, 0 0.5 -0.135, 0 0.5 -0.135, 0 0.5 -0.135, 0 0.5 -0.135,
            0 0.5 -0.135, 0 0.5 -0.135, 0 0.5 -0.135, 0 0.5 -0.135, 0 0.5 -0.135,
            0 0.5 -0.135, 0 0.5 -0.135, 0 0.5 -0.135, 0 0.5 -0.135, 0 0.5 -0.115,
            0 0.5 -0.080, 0 0.5 -0.080, 0 0.5 -0.080, 0 0.5 -0.080, 0 0.5 -0.080,
            0 0.5 -0.080, 0 0.5 -0.080, 0 0.5 -0.080, 0 0.5 -0.080, 0 0.5 -0.080,

            0 0.5 -0.080, 0 0.5 -0.080, 0 0.5 -0.080, 0 0.5 -0.080, 0 0.5 -0.080,
            0 0.5 -0.080, 0 0.5 -0.080, 0 0.5 -0.080, 0 0.5 -0.080, 0 0.5 -0.100, 
            0 0.5 -0.150, 0 0.5 -0.150, 0 0.5 -0.150, 0 0.5 -0.150, 0 0.5 -0.150,
            0 0.5 -0.150, 0 0.5 -0.150, 0 0.5 -0.150, 0 0.5 -0.150, 0 0.5 -0.150,
            0 0.5 -0.150, 0 0.5 -0.150, 0 0.5 -0.150, 0 0.5 -0.150, 0 0.5 -0.150, 
            0 0.5 -0.150, 0 0.5 -0.150, 0 0.5 -0.150, 0 0.5 -0.100, 0 0.5 -0.050,
            0 0.5 -0.050, 0 0.5 -0.050, 0 0.5 -0.050, 0 0.5 -0.050, 0 0.5 -0.050,

            0 0.5 -0.050, 0 0.5 -0.050, 0 0.5 -0.050, 0 0.5 -0.050, 0 0.5 -0.050,
            0 0.5 -0.050, 0 0.5 -0.050, 0 0.5 -0.050, 0 0.5 -0.050, 0 0.5 -0.050,
            0 0.5 -0.050, 0 0.5 -0.050, 0 0.5 -0.050, 0 0.5 -0.050, 0 0.5 -0.050,

            0 0.5 -0.050, 0 0.5 -0.050, 0 0.5 -0.050, 0 0.5 -0.050, 0 0.5 -0.050,
            0 0.5 -0.050, 0 0.5 -0.050, 0 0.5 -0.050, 0 0.5 -0.050, 0 0.5 -0.050,
            0 0.5 -0.050, 0 0.5 -0.100, 0 0.5 -0.150, 0 0.5 -0.150, 0 0.5 -0.150, 
            0 0.5 -0.150, 0 0.5 -0.150, 0 0.5 -0.150, 0 0.5 -0.150, 0 0.5 -0.150,  
            0 0.5 -0.150, 0 0.5 -0.150, 0 0.5 -0.150, 0 0.5 -0.150, 0 0.5 -0.130, 
            0 0.5 -0.080, 0 0.5 -0.080, 0 0.5 -0.080, 0 0.5 -0.080, 0 0.5 -0.080,   
            0 0.5 -0.080, 0 0.5 -0.080, 0 0.5 -0.080, 0 0.5 -0.080, 

            ">
      </PositionInterpolator><!--  выдвижение  6 -->

 <PositionInterpolator DEF="АН6" key=",.006,.012,.018,.024,.030,.036,.042,.048,.054,.060,.066,.072,.078,.084,.090,.096,
  .102,.108,.114,.120,.126,.132,.138,.144,.150,.156,.162,.168,.174,.180,.186,.192,.198, 
  .204,.210,.216,.222,.228,.234,.240,.246,.252,.258,.264,.270,.276,.282,.288,.294,
  .300,.306,.312,.318,.324,.330,.336,.342,.348,.354,.360,.366,.372,.378,.384,.390,.396,
  .402,.408,.414,.420,.426,.432,.438,.444,.450,.456,.462,.468,.474,.480,.486,.492,.498,
  .504,.510,.516,.522,.528,.534,.540,.546,.552,.558,.564,.570,.576,.582,.588,.594,
  .600,.606,.612,.618,.624,.630,.636,.642,.648,.654,.660,.666,.672,.678,.684,.690,.696,
  .702,.708,.714,.720,.726,.732,.738,.744,.750,.756,.762,.768,.774,.780,.786,.792,.798,
  .804,.810,.816,.822,.828,.834,.840,.846,.852,.858,.864,.870,.876,.882,.888,.894,
  .900,.906,.912,.918,.924,.930,.936,.942,.948,.954,.960,.966,.972,.978,.984,.990,.996,1"

  keyValue="0 0.5 0.135, 0 0.5 0.135, 0 0.5 0.135, 0 0.5 0.135, 0 0.5 0.135,
            0 0.5 0.135, 0 0.5 0.135, 0 0.5 0.115, 0 0.5 0.109, 0 0.5 0.109,
            0 0.5 0.109, 0 0.5 0.109, 0 0.5 0.109, 0 0.5 0.109, 0 0.5 0.109,
            0 0.5 0.109, 0 0.5 0.109, 0 0.5 0.109, 0 0.5 0.109, 0 0.5 0.109,
            0 0.5 0.109, 0 0.5 0.109, 0 0.5 0.109, 0 0.5 0.109, 0 0.5 0.109,

            0 0.5 0.109, 0 0.5 0.109, 0 0.5 0.109, 0 0.5 0.109, 0 0.5 0.109,
            0 0.5 0.109, 0 0.5 0.109, 0 0.5 0.109, 0 0.5 0.109, 0 0.5 0.109,
            0 0.5 0.109, 0 0.5 0.109, 0 0.5 0.109, 0 0.5 0.109, 0 0.5 0.109,
            0 0.5 0.115, 0 0.5 0.135, 0 0.5 0.135, 0 0.5 0.135, 0 0.5 0.135,
            0 0.5 0.135, 0 0.5 0.135, 0 0.5 0.135, 0 0.5 0.135, 0 0.5 0.135,
            0 0.5 0.135, 0 0.5 0.135, 0 0.5 0.135, 0 0.5 0.135, 0 0.5 0.135,
            0 0.5 0.135, 0 0.5 0.135, 0 0.5 0.135, 0 0.5 0.135, 0 0.5 0.135,
            0 0.5 0.115, 0 0.5 0.109, 0 0.5 0.109, 0 0.5 0.109, 0 0.5 0.109,

            0 0.5 0.109, 0 0.5 0.109, 0 0.5 0.109, 0 0.5 0.109, 0 0.5 0.109,
            0 0.5 0.109, 0 0.5 0.109, 0 0.5 0.109, 0 0.5 0.109, 0 0.5 0.109,
            0 0.5 0.109, 0 0.5 0.115, 0 0.5 0.135, 0 0.5 0.135, 0 0.5 0.135,
            0 0.5 0.135, 0 0.5 0.135, 0 0.5 0.135, 0 0.5 0.135, 0 0.5 0.135,
            0 0.5 0.135, 0 0.5 0.135, 0 0.5 0.135, 0 0.5 0.135, 0 0.5 0.135,
            0 0.5 0.135, 0 0.5 0.135, 0 0.5 0.135, 0 0.5 0.135, 0 0.5 0.115,
            0 0.5 0.080, 0 0.5 0.080, 0 0.5 0.080, 0 0.5 0.080, 0 0.5 0.080,
            0 0.5 0.080, 0 0.5 0.080, 0 0.5 0.080, 0 0.5 0.080, 0 0.5 0.080,

            0 0.5 0.080, 0 0.5 0.080, 0 0.5 0.080, 0 0.5 0.080, 0 0.5 0.080,
            0 0.5 0.080, 0 0.5 0.080, 0 0.5 0.080, 0 0.5 0.080, 0 0.5 0.110, 
            0 0.5 0.150, 0 0.5 0.150, 0 0.5 0.150, 0 0.5 0.150, 0 0.5 0.150,
            0 0.5 0.150, 0 0.5 0.150, 0 0.5 0.150, 0 0.5 0.150, 0 0.5 0.150,
            0 0.5 0.150, 0 0.5 0.150, 0 0.5 0.150, 0 0.5 0.150, 0 0.5 0.150,  
            0 0.5 0.150, 0 0.5 0.150, 0 0.5 0.150, 0 0.5 0.110, 0 0.5 0.060, 
            0 0.5 0.060, 0 0.5 0.060, 0 0.5 0.060, 0 0.5 0.060, 0 0.5 0.060,

            0 0.5 0.060, 0 0.5 0.060, 0 0.5 0.060, 0 0.5 0.060, 0 0.5 0.060,
            0 0.5 0.060, 0 0.5 0.060, 0 0.5 0.060, 0 0.5 0.060, 0 0.5 0.060,
            0 0.5 0.060, 0 0.5 0.060, 0 0.5 0.060, 0 0.5 0.060, 0 0.5 0.060,

            0 0.5 0.060, 0 0.5 0.060, 0 0.5 0.060, 0 0.5 0.060, 0 0.5 0.060,
            0 0.5 0.060, 0 0.5 0.060, 0 0.5 0.060, 0 0.5 0.060, 0 0.5 0.060,
            0 0.5 0.060, 0 0.5 0.100, 0 0.5 0.160, 0 0.5 0.160, 0 0.5 0.160, 
            0 0.5 0.160, 0 0.5 0.160, 0 0.5 0.160, 0 0.5 0.160, 0 0.5 0.160,  
            0 0.5 0.160, 0 0.5 0.160, 0 0.5 0.160, 0 0.5 0.160, 0 0.5 0.130,
            0 0.5 0.080, 0 0.5 0.080, 0 0.5 0.080, 0 0.5 0.080, 0 0.5 0.080,
            0 0.5 0.080, 0 0.5 0.080, 0 0.5 0.080, 0 0.5 0.080,

            ">
      </PositionInterpolator>    <!--  выдвижение  7 -->  

<PositionInterpolator DEF="АН7" key=",.006,.012,.018,.024,.030,.036,.042,.048,.054,.060,.066,.072,.078,.084,.090,.096,
  .102,.108,.114,.120,.126,.132,.138,.144,.150,.156,.162,.168,.174,.180,.186,.192,.198, 
  .204,.210,.216,.222,.228,.234,.240,.246,.252,.258,.264,.270,.276,.282,.288,.294,
  .300,.306,.312,.318,.324,.330,.336,.342,.348,.354,.360,.366,.372,.378,.384,.390,.396,
  .402,.408,.414,.420,.426,.432,.438,.444,.450,.456,.462,.468,.474,.480,.486,.492,.498,
  .504,.510,.516,.522,.528,.534,.540,.546,.552,.558,.564,.570,.576,.582,.588,.594,
  .600,.606,.612,.618,.624,.630,.636,.642,.648,.654,.660,.666,.672,.678,.684,.690,.696,
  .702,.708,.714,.720,.726,.732,.738,.744,.750,.756,.762,.768,.774,.780,.786,.792,.798,
  .804,.810,.816,.822,.828,.834,.840,.846,.852,.858,.864,.870,.876,.882,.888,.894,
  .900,.906,.912,.918,.924,.930,.936,.942,.948,.954,.960,.966,.972,.978,.984,.990,.996,1"
  keyValue="-6.4,3.12,1.28, -6.4,3.12,1.28, -6.4,3.12,1.28, -6.4,3.12,1.28, -6.4,3.12,1.28,
            -6.4,3.12,1.28, -6.4,3.12,1.28, -6.4,3.12,1.28, -6.4,3.12,1.28, -6.4,3.12,1.28,
            -6.4,3.12,1.28, -6.4,3.12,1.28, -6.4,3.12,1.28, -6.4,3.12,1.28, -6.4,3.12,1.28,
            -6.4,3.12,1.28, -6.4,3.12,1.28, -6.4,3.12,1.28, -6.4,3.12,1.28, -6.4,3.12,1.28,
            -6.4,3.12,1.28, -6.4,3.12,1.28, -6.4,3.12,1.28, -6.4,3.12,1.28, -6.4,3.12,1.28,

            -6.4,3.12,1.28, -6.4,3.12,1.28, -6.4,3.12,1.28, -6.4,3.12,1.28, -6.4,3.12,1.28,
            -6.4,3.12,1.28, -6.4,3.12,1.28, -6.4,3.12,1.28, -6.4,3.12,1.28, -6.4,3.12,1.28,
            -6.4,3.12,1.28, -6.4,3.12,1.28, -6.4,3.12,1.28, -6.4,3.12,1.28, -6.4,3.12,1.28,
            -6.4,3.12,1.28, -6.4,3.12,1.28, -6.4,3.12,1.28, -6.4,3.12,1.28, -6.4,3.12,1.28,
            -6.4,3.12,1.28, -6.4,3.12,1.28, -6.4,3.12,1.28, -6.4,3.12,1.00, -6.4,3.12,0.855,
            -6.4,3.12,0.855,-6.4,3.12,1.00, -6.4,3.12,1.28, -6.4,3.12,1.28, -6.4,3.12,1.28 
            "><!--  конец данного элемента--> 
      </PositionInterpolator>    <!--  выдвижение  8 --> 
 <PositionInterpolator DEF="АН71" key=",.006,.012,.018,.024,.030,.036,.042,.048,.054,.060,.066,.072,.078,.084,.090,.096,
  .102,.108,.114,.120,.126,.132,.138,.144,.150,.156,.162,.168,.174,.180,.186,.192,.198, 
  .204,.210,.216,.222,.228,.234,.240,.246,.252,.258,.264,.270,.276,.282,.288,.294,
  .300,.306,.312,.318,.324,.330,.336,.342,.348,.354,.360,.366,.372,.378,.384,.390,.396,
  .402,.408,.414,.420,.426,.432,.438,.444,.450,.456,.462,.468,.474,.480,.486,.492,.498,
  .504,.510,.516,.522,.528,.534,.540,.546,.552,.558,.564,.570,.576,.582,.588,.594,
  .600,.606,.612,.618,.624,.630,.636,.642,.648,.654,.660,.666,.672,.678,.684,.690,.696,
  .702,.708,.714,.720,.726,.732,.738,.744,.750,.756,.762,.768,.774,.780,.786,.792,.798,
  .804,.810,.816,.822,.828,.834,.840,.846,.852,.858,.864,.870,.876,.882,.888,.894,
  
  .900,.906,.912,.918,.924,.930,.936,.942,.948,.954,.960,.966,.972,.978,.984,.990,.996,1"
  keyValue="-6.39,3.6,-1.1, -6.39,3.6,-1.1, -6.39,3.6,-1.1, -6.39,3.6,-1.1, -6.39,3.6,-1.1,
            -6.39,3.6,-1.1, -6.39,3.6,-1.1, -6.39,3.6,-1.1, -6.39,3.6,-1.1, -6.39,3.6,-1.1,
            -6.39,3.6,-1.1, -6.39,3.6,-1.1, -6.39,3.6,-1.1, -6.39,3.6,-1.1, -6.39,3.6,-1.1,
            -6.39,3.6,-1.1, -6.39,3.6,-1.1, -6.39,3.6,-1.1, -6.39,3.6,-1.1, -6.39,3.6,-1.1,
            -6.39,3.6,-1.1, -6.39,3.6,-1.1, -6.39,3.6,-1.1, -6.39,3.6,-1.1, -6.39,3.6,-1.1,

            -6.39,3.6,-1.1, -6.39,3.6,-1.1, -6.39,3.6,-1.1, -6.39,3.6,-1.1, -6.39,3.6,-1.1,
            -6.39,3.6,-1.1, -6.39,3.6,-1.1, -6.39,3.6,-1.1, -6.39,3.6,-1.1, -6.39,3.6,-1.1,
            -6.39,3.6,-1.1, -6.39,3.6,-1.1, -6.39,3.6,-1.1, -6.39,3.6,-1.1, -6.39,3.6,-1.1,
            -6.39,3.6,-1.1, -6.39,3.6,-1.1, -6.39,3.6,-1.1, -6.39,3.6,-1.1, -6.39,3.6,-1.1,
            -6.39,3.6,-1.1, -6.39,3.6,-0.9, -6.39,3.6,-0.6, -6.39,3.6,-0.3, -6.39,3.6,-0.1,
            -6.39,3.6,-0.1, -6.39,3.6,-0.3, -6.39,3.6,-0.6, -6.39,3.6,-0.9, -6.39,3.6,-1.1,
            "><!--  конец данного элемента-->
  </PositionInterpolator>    <!--  выдвижение  8.1 токарный станок -->             

<PositionInterpolator DEF="АН8" key=",.006,.012,.018,.024,.030,.036,.042,.048,.054,.060,.066,.072,.078,.084,.090,.096,
  .102,.108,.114,.120,.126,.132,.138,.144,.150,.156,.162,.168,.174,.180,.186,.192,.198, 
  .204,.210,.216,.222,.228,.234,.240,.246,.252,.258,.264,.270,.276,.282,.288,.294,
  .300,.306,.312,.318,.324,.330,.336,.342,.348,.354,.360,.366,.372,.378,.384,.390,.396,
  .402,.408,.414,.420,.426,.432,.438,.444,.450,.456,.462,.468,.474,.480,.486,.492,.498,
  .504,.510,.516,.522,.528,.534,.540,.546,.552,.558,.564,.570,.576,.582,.588,.594,
  .600,.606,.612,.618,.624,.630,.636,.642,.648,.654,.660,.666,.672,.678,.684,.690,.696,
  .702,.708,.714,.720,.726,.732,.738,.744,.750,.756,.762,.768,.774,.780,.786,.792,.798,
  .804,.810,.816,.822,.828,.834,.840,.846,.852,.858,.864,.870,.876,.882,.888,.894,
  .900,.906,.912,.918,.924,.930,.936,.942,.948,.954,.960,.966,.972,.978,.984,.990,.996,1"
  
  keyValue="-4.5,3.425,-4.325, -4.5,3.425,-4.325, -4.5,3.425,-4.325, -4.5,3.425,-4.325, -4.5,3.425,-4.325,
            -4.5,3.425,-4.325, -4.5,3.425,-4.325, -4.5,3.425,-4.325, -4.5,3.425,-4.325, -4.5,3.425,-4.325,
            -4.5,3.425,-4.325, -4.5,3.425,-4.325, -4.5,3.425,-4.325, -4.5,3.425,-4.325, -4.5,3.425,-4.325,
            -4.5,3.425,-4.325, -4.5,3.425,-4.325, -4.5,3.425,-4.325, -4.5,3.425,-4.325, -4.5,3.425,-4.325,
            -4.5,3.425,-4.325, -4.5,3.425,-4.325, -4.5,3.425,-4.325, -4.5,3.425,-4.325, -4.5,3.425,-4.325,

            -4.5,3.425,-4.325, -4.5,3.425,-4.325, -4.5,3.425,-4.325, -4.5,3.425,-4.325, -4.5,3.425,-4.325,
            -4.5,3.425,-4.325, -4.5,3.425,-4.325, -4.5,3.425,-4.325, -4.5,3.425,-4.325, -4.5,3.425,-4.325,
            -4.5,3.425,-4.325, -4.5,3.425,-4.325, -4.5,3.425,-4.325, -4.5,3.425,-4.325, -4.5,3.425,-4.325,
            -4.5,3.425,-4.325, -4.5,3.425,-4.325, -4.5,3.425,-4.325, -4.5,3.425,-4.325, -4.5,3.425,-4.325,
            -4.5,3.425,-4.325, -4.5,3.425,-4.325, -4.5,3.425,-4.325, -4.5,3.425,-4.325, -4.5,3.425,-4.325,
            -4.5,3.425,-4.325, -4.5,3.425,-4.325, -4.5,3.425,-4.325, -4.5,3.425,-4.325, -4.5,3.425,-4.325,
            -4.5,3.425,-4.325, -4.5,3.425,-4.325, -4.5,3.425,-4.325, -4.5,3.425,-4.325, -4.5,3.425,-4.325,
            -4.5,3.425,-4.325, -4.5,3.425,-4.325, -4.5,3.425,-4.325, -4.5,3.425,-4.325, -4.5,3.425,-4.325,

            -4.5,3.425,-4.325, -4.5,3.425,-4.325, -4.5,3.425,-4.325, -4.5,3.425,-4.325, -4.5,3.425,-4.325,
            -4.5,3.425,-4.325, -4.5,3.425,-4.325, -4.5,3.425,-4.325, -4.5,3.425,-4.325, -4.5,3.425,-4.325,
            -4.5,3.425,-4.325, -4.5,3.425,-4.325, -4.5,3.425,-4.325, -4.5,3.425,-4.325, -4.5,3.425,-4.325,
            -4.5,3.425,-4.325, -4.5,3.425,-4.325, -4.5,3.425,-4.325, -4.3,3.425,-4.385, -4.0,3.425,-4.485,
            -4.0,3.425,-4.485, -4.3,3.425,-4.385, -4.5,3.425,-4.325, -4.5,3.425,-4.325, -4.5,3.425,-4.325,

            "><!--  конец данного элемента--> 
      </PositionInterpolator>    <!--  выдвижение  9 --> 
 <PositionInterpolator DEF="АН81" key=",.006,.012,.018,.024,.030,.036,.042,.048,.054,.060,.066,.072,.078,.084,.090,.096,
  .102,.108,.114,.120,.126,.132,.138,.144,.150,.156,.162,.168,.174,.180,.186,.192,.198, 
  .204,.210,.216,.222,.228,.234,.240,.246,.252,.258,.264,.270,.276,.282,.288,.294,
  .300,.306,.312,.318,.324,.330,.336,.342,.348,.354,.360,.366,.372,.378,.384,.390,.396,
  .402,.408,.414,.420,.426,.432,.438,.444,.450,.456,.462,.468,.474,.480,.486,.492,.498,
  .504,.510,.516,.522,.528,.534,.540,.546,.552,.558,.564,.570,.576,.582,.588,.594,
  .600,.606,.612,.618,.624,.630,.636,.642,.648,.654,.660,.666,.672,.678,.684,.690,.696,
  .702,.708,.714,.720,.726,.732,.738,.744,.750,.756,.762,.768,.774,.780,.786,.792,.798,
  .804,.810,.816,.822,.828,.834,.840,.846,.852,.858,.864,.870,.876,.882,.888,.894,
  .900,.906,.912,.918,.924,.930,.936,.942,.948,.954,.960,.966,.972,.978,.984,.990,.996,1"

  keyValue="-1.85,4,-5.1, -1.85,4,-5.1, -1.85,4,-5.1, -1.85,4,-5.1, -1.85,4,-5.1,
            -1.85,4,-5.1, -1.85,4,-5.1, -1.85,4,-5.1, -1.85,4,-5.1, -1.85,4,-5.1,
            -1.85,4,-5.1, -1.85,4,-5.1, -1.85,4,-5.1, -1.85,4,-5.1, -1.85,4,-5.1,
            -1.85,4,-5.1, -1.85,4,-5.1, -1.85,4,-5.1, -1.85,4,-5.1, -1.85,4,-5.1,
            -1.85,4,-5.1, -1.85,4,-5.1, -1.85,4,-5.1, -1.85,4,-5.1, -1.85,4,-5.1,

            -1.85,4,-5.1, -1.85,4,-5.1, -1.85,4,-5.1, -1.85,4,-5.1, -1.85,4,-5.1,
            -1.85,4,-5.1, -1.85,4,-5.1, -1.85,4,-5.1, -1.85,4,-5.1, -1.85,4,-5.1,
            -1.85,4,-5.1, -1.85,4,-5.1, -1.85,4,-5.1, -1.85,4,-5.1, -1.85,4,-5.1,
            -1.85,4,-5.1, -1.85,4,-5.1, -1.85,4,-5.1, -1.85,4,-5.1, -1.85,4,-5.1,
            -1.85,4,-5.1, -1.85,4,-5.1, -1.85,4,-5.1, -1.85,4,-5.1, -1.85,4,-5.1,
            -1.85,4,-5.1, -1.85,4,-5.1, -1.85,4,-5.1, -1.85,4,-5.1, -1.85,4,-5.1,
            -1.85,4,-5.1, -1.85,4,-5.1, -1.85,4,-5.1, -1.85,4,-5.1, -1.85,4,-5.1,
            -1.85,4,-5.1, -1.85,4,-5.1, -1.85,4,-5.1, -1.85,4,-5.1, -1.85,4,-5.1,

            -1.85,4,-5.1, -1.85,4,-5.1, -1.85,4,-5.1, -1.85,4,-5.1, -1.85,4,-5.1,
            -1.85,4,-5.1, -1.85,4,-5.1, -1.85,4,-5.1, -1.85,4,-5.1, -1.85,4,-5.1,
            -1.85,4,-5.1, -1.85,4,-5.1, -1.85,4,-5.1, -1.85,4,-5.1, -1.85,4,-5.1,
            -1.85,4,-5.1, -1.85,4,-5.1, -1.85,4,-5.1, -2.45,4,-4.9, -3.00,4,-4.77,
            -3.00,4,-4.77,-2.45,4,-4.9, -1.85,4,-5.1, -1.85,4,-5.1, -1.85,4,-5.1,  
            "><!--  конец данного элемента-->
  </PositionInterpolator>    <!--  выдвижение  9.1 фрезерный станок -->             

<PositionInterpolator DEF="АН9" key=",.006,.012,.018,.024,.030,.036,.042,.048,.054,.060,.066,.072,.078,.084,.090,.096,
  .102,.108,.114,.120,.126,.132,.138,.144,.150,.156,.162,.168,.174,.180,.186,.192,.198, 
  .204,.210,.216,.222,.228,.234,.240,.246,.252,.258,.264,.270,.276,.282,.288,.294,
  .300,.306,.312,.318,.324,.330,.336,.342,.348,.354,.360,.366,.372,.378,.384,.390,.396,
  .402,.408,.414,.420,.426,.432,.438,.444,.450,.456,.462,.468,.474,.480,.486,.492,.498,
  .504,.510,.516,.522,.528,.534,.540,.546,.552,.558,.564,.570,.576,.582,.588,.594,
  .600,.606,.612,.618,.624,.630,.636,.642,.648,.654,.660,.666,.672,.678,.684,.690,.696,
  .702,.708,.714,.720,.726,.732,.738,.744,.750,.756,.762,.768,.774,.780,.786,.792,.798,
  .804,.810,.816,.822,.828,.834,.840,.846,.852,.858,.864,.870,.876,.882,.888,.894,
  .900,.906,.912,.918,.924,.930,.936,.942,.948,.954,.960,.966,.972,.978,.984,.990,.996,1"
  
  keyValue="2,5.3,-4.90055, 2,5.3,-4.90055, 2,5.3,-4.90055, 2,5.3,-4.90055, 2,5.3,-4.90055,
            2,5.3,-4.90055, 2,5.3,-4.90055, 2,5.3,-4.90055, 2,5.3,-4.90055, 2,5.3,-4.90055,
            2,5.3,-4.90055, 2,5.3,-4.90055, 2,5.3,-4.90055, 2,5.3,-4.90055, 2,5.3,-4.90055,
            2,5.3,-4.90055, 2,5.3,-4.90055, 2,5.3,-4.90055, 2,5.3,-4.90055, 2,5.3,-4.90055,
            2,5.3,-4.90055, 2,5.3,-4.90055, 2,5.3,-4.90055, 2,5.3,-4.90055, 2,5.3,-4.90055,

            2,5.3,-4.90055, 2,5.3,-4.90055, 2,5.3,-4.90055, 2,5.3,-4.90055, 2,5.3,-4.90055,
            2,5.3,-4.90055, 2,5.3,-4.90055, 2,5.3,-4.90055, 2,5.3,-4.90055, 2,5.3,-4.90055,
            2,5.3,-4.90055, 2,5.3,-4.90055, 2,5.3,-4.90055, 2,5.3,-4.90055, 2,5.3,-4.90055,
            2,5.3,-4.90055, 2,5.3,-4.90055, 2,5.3,-4.90055, 2,5.3,-4.90055, 2,5.3,-4.90055,
            2,5.3,-4.90055, 2,5.3,-4.90055, 2,5.3,-4.90055, 2,5.3,-4.90055, 2,5.3,-4.90055,
            2,5.3,-4.90055, 2,5.3,-4.90055, 2,5.3,-4.90055, 2,5.3,-4.90055, 2,5.3,-4.90055,
            2,5.3,-4.90055, 2,5.3,-4.90055, 2,5.3,-4.90055, 2,5.3,-4.90055, 2,5.3,-4.90055,
            2,5.3,-4.90055, 2,5.3,-4.90055, 2,5.3,-4.90055, 2,5.3,-4.90055, 2,5.3,-4.90055,

            2,5.3,-4.90055, 2,5.3,-4.90055, 2,5.3,-4.90055, 2,5.3,-4.90055, 2,5.3,-4.90055,
            2,5.3,-4.90055, 2,5.3,-4.90055, 2,5.3,-4.90055, 2,5.3,-4.90055, 2,5.3,-4.90055,
            2,5.3,-4.90055, 2,5.3,-4.90055, 2,5.3,-4.90055, 2,5.3,-4.90055, 2,5.3,-4.90055,
            2,5.3,-4.90055, 2,5.3,-4.90055, 2,5.3,-4.90055, 2,5.3,-4.90055, 2,5.3,-4.90055,
            2,5.3,-4.90055, 2,5.3,-4.90055, 2,5.3,-4.90055, 2,5.3,-4.90055, 2,5.3,-4.90055,
            2,5.3,-4.90055, 2,5.3,-4.90055, 2,5.3,-4.90055, 2,5.3,-4.90055, 2,5.3,-4.90055,
            2,5.3,-4.90055, 2,5.3,-4.90055, 2,5.3,-4.90055, 2,5.3,-4.90055, 2,5.3,-4.90055,
            2,5.3,-4.90055, 2,5.3,-4.90055, 2,5.3,-4.90055, 2,5.3,-4.90055, 2,5.3,-4.90055,

            2,5.3,-4.90055, 2,5.3,-4.90055, 2,5.3,-4.90055, 2,5.3,-4.90055, 2,5.3,-4.90055,
            2,5.3,-4.90055, 2,5.3,-4.90055, 2,5.3,-4.90055, 2,5.3,-4.90055, 2,5.3,-4.90055,
            2,5.3,-4.90055, 2,5.3,-4.90055, 2,5.3,-4.90055, 2,5.3,-4.90055, 2,5.3,-4.90055,
            2,5.0,-4.90055, 2,4.8,-4.90055, 2,4.5,-4.90055, 2,4.3,-4.90055, 2,4.3,-4.90055,
            2,4.5,-4.90055, 2,4.8,-4.90055, 2,5.0,-4.90055, 2,5.3,-4.90055,
            "><!--  конец данного элемента--> 
      </PositionInterpolator>    <!--  выдвижение  10 сверло --> 
