  <!--  манипулятор 2    -->
  <OrientationInterpolator DEF="аниман21" key=", .0000, .1667,.2522, .3333, .4444, .5556, .6667, .7778, .8888, 1.0000" keyValue="0 0 0 0, 0 1 0 1.412, 
  0 1 0 1.412,   0 1 0 1.412,  0 1 0 1.51,  0 1 0 4.65,   0 1 0 4.558,  0 1 0 4.558,  0 1 0 4.558, 0 0 0 0">
  </OrientationInterpolator> 
  <OrientationInterpolator DEF="аниман22" key=", .0000, .1667,.2522, .3333, .4444, .5556, .6667, .7778, .8888, 1.0000" keyValue="0 0 0 0, 1 0 0 -0.1, 
  1 0 0 -1.19,   1 0 0 -1.19,  1 0 0 0,     1 0 0 0,      1 0 0 -1.294, 1 0 0 -1.294, 1 0 0 -0.1,  0 0 0 0">
  </OrientationInterpolator> 
  <OrientationInterpolator DEF="аниман23" key=", .0000, .1667,.2522, .3333, .4444, .5556, .6667, .7778, .8888, 1.0000" keyValue="0 0 0 0, 1 0 0 -2.74, 
  1 0 0 -0.634,  1 0 0 -0.634, 1 0 0 -1.7,  1 0 0 -1.7,   1 0 0 -0.44,  1 0 0 -0.44,  1 0 0 -2.74, 0 0 0 0">
  </OrientationInterpolator>
  <OrientationInterpolator DEF="аниман24" key=", .0000, .1667,.2522, .3333, .4444, .5556, .6667, .7778, .8888, 1.0000" keyValue="0 0 0 0, 1 0 0 1.3,  
  1 0 0 -1.32,   1 0 0 -1.32,  1 0 0 -1.46, 1 0 0 -1.46,  1 0 0 -1.4,   1 0 0 -1.4,   1 0 0 1.3,   0 0 0 0">
  </OrientationInterpolator>
  <PositionInterpolator DEF="аниман25" key=", .0000, .1667, .3333, .4444, .5556, .6667, .7778, .8888, 1.0000" keyValue="-0.08 0.5 0.3,  -0.08 0.5 0.3, 
  -0.06 0.5 0.3, -0.06 0.5 0.3, -0.06 0.5 0.3, -0.06 0.5 0.3, -0.08 0.5 0.3, -0.08 0.5 0.3,  -0.08 0.5 0.3 ">
  </PositionInterpolator>
  <PositionInterpolator DEF="аниман26" key=", .0000, .1667, .3333, .4444, .5556, .6667, .7778, .8888, 1.0000" keyValue="0.08 0.5 0.3,    0.08 0.5 0.3,  
   0.06 0.5 0.3,  0.06 0.5 0.3,  0.06 0.5 0.3,  0.06 0.5 0.3,  0.08 0.5 0.3,  0.08 0.5 0.3,   0.08 0.5 0.3">
  </PositionInterpolator>
  <PositionInterpolator DEF="аниман27" key=", .0000, .1667, .3333, .4444, .5556, .6667, .7778, .8888, 1.0000" keyValue="-0.08 0.5 -0.3, -0.08 0.5 -0.3,
  -0.06 0.5 -0.3,-0.06 0.5 -0.3,-0.06 0.5 -0.3,-0.06 0.5 -0.3,-0.08 0.5 -0.3,-0.08 0.5 -0.3,-0.08 0.5 -0.3">
  </PositionInterpolator>
  <PositionInterpolator DEF="аниман28" key=", .0000, .1667, .3333, .4444, .5556, .6667, .7778, .8888, 1.0000" keyValue="0.08 0.5 -0.3,   0.08 0.5 -0.3,
   0.06 0.5 -0.3, 0.06 0.5 -0.3, 0.06 0.5 -0.3, 0.06 0.5 -0.3, 0.08 0.5 -0.3, 0.08 0.5 -0.3, 0.08 0.5 -0.3">
  </PositionInterpolator>
    <!--  деталь  2.5  -->
  <PositionInterpolator DEF="аниман29" key=", .0000, .1667, .3333, .4444, .5556, .6667, .7778, .8888, 1.0000" keyValue="12.5 0.88 1.4">
  </PositionInterpolator>