
  <!--  манипулятор 2    -->
  <OrientationInterpolator DEF="аниман12" key=", .0000, .0898, .1667,.2522, .3333, .3933, .4444, .4944, .5556,.5956, .6667, .7778, .8888, 1.0000" keyValue="0 0 0 0, 0 1 0 1.412, 
  0 1 0 1.412,   0 1 0 1.412,  0 1 0 1.51,  0 1 0 4.65,   0 1 0 4.558,  0 1 0 4.558,  0 1 0 4.558, 0 0 0 0">
  </OrientationInterpolator> 
  <OrientationInterpolator DEF="аниман13" key=", .0000, .0898, .1667,.2522, .3333, .3933, .4444, .4944, .5556,.5956, .6667, .7778, .8888, 1.0000" keyValue="0 0 0 0, 1 0 0 -0.1, 
  1 0 0 -1.19,   1 0 0 -1.19,  1 0 0 0,     1 0 0 0,      1 0 0 -1.294, 1 0 0 -1.294, 1 0 0 -0.1,  0 0 0 0">
  </OrientationInterpolator> 
  <OrientationInterpolator DEF="аниман14" key=", .0000, .0898, .1667,.2522, .3333, .3933, .4444, .4944, .5556,.5956, .6667, .7778, .8888, 1.0000" keyValue="0 0 0 0, 1 0 0 -2.74, 
  1 0 0 -0.634,  1 0 0 -0.634, 1 0 0 -1.7,  1 0 0 -1.7,   1 0 0 -0.44,  1 0 0 -0.44,  1 0 0 -2.74, 0 0 0 0">
  </OrientationInterpolator>
  <OrientationInterpolator DEF="аниман15" key=", .0000, .0898, .1667,.2522, .3333, .3933, .4444, .4944, .5556,.5956, .6667, .7778, .8888, 1.0000" keyValue="0 0 0 0, 1 0 0 1.3,  
  1 0 0 -1.32,   1 0 0 -1.32,  1 0 0 -1.46, 1 0 0 -1.46,  1 0 0 -1.4,   1 0 0 -1.4,   1 0 0 1.3,   0 0 0 0">
  </OrientationInterpolator>














  <OrientationInterpolator DEF="аниман12" key=", .0000, .1667,.2522, .3333, .4444, .5556, .6667, .7778, .8888, 1.0000" keyValue="0 0 0 0, 0 1 0 1.412, 
  0 1 0 1.412,   0 1 0 1.412,  0 1 0 1.51,  0 1 0 4.65,   0 1 0 4.558,  0 1 0 4.558,  0 1 0 4.558, 0 0 0 0">
  </OrientationInterpolator> 
  <OrientationInterpolator DEF="аниман13" key=", .0000, .1667,.2522, .3333, .4444, .5556, .6667, .7778, .8888, 1.0000" keyValue="0 0 0 0, 1 0 0 -0.1, 
  1 0 0 -1.19,   1 0 0 -1.19,  1 0 0 0,     1 0 0 0,      1 0 0 -1.294, 1 0 0 -1.294, 1 0 0 -0.1,  0 0 0 0">
  </OrientationInterpolator> 
  <OrientationInterpolator DEF="аниман14" key=", .0000, .1667,.2522, .3333, .4444, .5556, .6667, .7778, .8888, 1.0000" keyValue="0 0 0 0, 1 0 0 -2.74, 
  1 0 0 -0.634,  1 0 0 -0.634, 1 0 0 -1.7,  1 0 0 -1.7,   1 0 0 -0.44,  1 0 0 -0.44,  1 0 0 -2.74, 0 0 0 0">
  </OrientationInterpolator>
  <OrientationInterpolator DEF="аниман15" key=", .0000, .1667,.2522, .3333, .4444, .5556, .6667, .7778, .8888, 1.0000" keyValue="0 0 0 0, 1 0 0 1.3,  
  1 0 0 -1.32,   1 0 0 -1.32,  1 0 0 -1.46, 1 0 0 -1.46,  1 0 0 -1.4,   1 0 0 -1.4,   1 0 0 1.3,   0 0 0 0">
  </OrientationInterpolator>
  <PositionInterpolator DEF="аниман16" key=", .0000, .1667, .3333, .4444, .5556, .6667, .7778, .8888, 1.0000" keyValue="-0.08 0.5 0.3,  -0.08 0.5 0.3, 
  -0.06 0.5 0.3, -0.06 0.5 0.3, -0.06 0.5 0.3, -0.06 0.5 0.3, -0.08 0.5 0.3, -0.08 0.5 0.3,  -0.08 0.5 0.3 ">
  </PositionInterpolator>
  <PositionInterpolator DEF="аниман17" key=", .0000, .1667, .3333, .4444, .5556, .6667, .7778, .8888, 1.0000" keyValue="0.08 0.5 0.3,    0.08 0.5 0.3,  
   0.06 0.5 0.3,  0.06 0.5 0.3,  0.06 0.5 0.3,  0.06 0.5 0.3,  0.08 0.5 0.3,  0.08 0.5 0.3,   0.08 0.5 0.3">
  </PositionInterpolator>
  <PositionInterpolator DEF="аниман18" key=", .0000, .1667, .3333, .4444, .5556, .6667, .7778, .8888, 1.0000" keyValue="-0.08 0.5 -0.3, -0.08 0.5 -0.3,
  -0.06 0.5 -0.3,-0.06 0.5 -0.3,-0.06 0.5 -0.3,-0.06 0.5 -0.3,-0.08 0.5 -0.3,-0.08 0.5 -0.3,-0.08 0.5 -0.3">
  </PositionInterpolator>
  <PositionInterpolator DEF="аниман19" key=", .0000, .1667, .3333, .4444, .5556, .6667, .7778, .8888, 1.0000" keyValue="0.08 0.5 -0.3,   0.08 0.5 -0.3,
   0.06 0.5 -0.3, 0.06 0.5 -0.3, 0.06 0.5 -0.3, 0.06 0.5 -0.3, 0.08 0.5 -0.3, 0.08 0.5 -0.3, 0.08 0.5 -0.3">
  </PositionInterpolator>







  <!--  манипулятор 2    -->
  <OrientationInterpolator DEF="аниман12" key=", .0000, .1667,.2522, .3333, .4444, .5556, .6667, .7778, .8888, 1.0000" keyValue="0 0 0 0, 0 1 0 1.412, 
  0 1 0 1.412,   0 1 0 1.412,  0 1 0 1.51,  0 1 0 4.558,   0 1 0 4.558,   0 1 0 4.558,   0 1 0 4.558, 0 1 0 4.558">
  </OrientationInterpolator> 
  <OrientationInterpolator DEF="аниман13" key=", .0000, .1667,.2522, .3333, .4444, .5556, .6667, .7778, .8888, 1.0000" keyValue="0 0 0 0, 1 0 0 -0.1, 
  1 0 0 -1.19,   1 0 0 -1.19,  1 0 0 0,     1 0 0 0,      1 0 0 -1.294, 1 0 0 -1.294, 1 0 0 -1.294, 1 0 0 -1.294">
  </OrientationInterpolator> 
  <OrientationInterpolator DEF="аниман14" key=", .0000, .1667,.2522, .3333, .4444, .5556, .6667, .7778, .8888, 1.0000" keyValue="0 0 0 0, 1 0 0 -2.74, 
  1 0 0 -0.634,  1 0 0 -0.634, 1 0 0 -1.7,  1 0 0 -1.7,   1 0 0 -0.44,  1 0 0 -0.44,   1 0 0 -0.44,  1 0 0 -0.44">
  </OrientationInterpolator>
  <OrientationInterpolator DEF="аниман15" key=", .0000, .1667,.2522, .3333, .4444, .5556, .6667, .7778, .8888, 1.0000" keyValue="0 0 0 0, 1 0 0 1.3,  
  1 0 0 -1.32,   1 0 0 -1.32,  1 0 0 -1.46, 1 0 0 -1.46,  1 0 0 -1.4,   1 0 0 -1.4,   1 0 0 -1.4,   1 0 0 -1.4">
  </OrientationInterpolator>
  <PositionInterpolator DEF="аниман16" key=", .0000, .1667, .3333, .4444, .5556, .6667, .7778, .8888, 1.0000" keyValue="-0.08 0.5 0.3,  -0.08 0.5 0.3, 
  -0.06 0.5 0.3, -0.06 0.5 0.3, -0.06 0.5 0.3, -0.06 0.5 0.3, -0.08 0.5 0.3, -0.08 0.5 0.3,  -0.08 0.5 0.3 ">
  </PositionInterpolator>
  <PositionInterpolator DEF="аниман17" key=", .0000, .1667, .3333, .4444, .5556, .6667, .7778, .8888, 1.0000" keyValue="0.08 0.5 0.3,    0.08 0.5 0.3,  
   0.06 0.5 0.3,  0.06 0.5 0.3,  0.06 0.5 0.3,  0.06 0.5 0.3,  0.08 0.5 0.3,  0.08 0.5 0.3,   0.08 0.5 0.3">
  </PositionInterpolator>
  <PositionInterpolator DEF="аниман18" key=", .0000, .1667, .3333, .4444, .5556, .6667, .7778, .8888, 1.0000" keyValue="-0.08 0.5 -0.3, -0.08 0.5 -0.3,
  -0.06 0.5 -0.3,-0.06 0.5 -0.3,-0.06 0.5 -0.3,-0.06 0.5 -0.3,-0.08 0.5 -0.3,-0.08 0.5 -0.3,-0.08 0.5 -0.3">
  </PositionInterpolator>
  <PositionInterpolator DEF="аниман19" key=", .0000, .1667, .3333, .4444, .5556, .6667, .7778, .8888, 1.0000" keyValue="0.08 0.5 -0.3,   0.08 0.5 -0.3,
   0.06 0.5 -0.3, 0.06 0.5 -0.3, 0.06 0.5 -0.3, 0.06 0.5 -0.3, 0.08 0.5 -0.3, 0.08 0.5 -0.3, 0.08 0.5 -0.3">
  </PositionInterpolator>
  <PositionInterpolator DEF="аниман20" key=", .0000, .1667, .3333, .4444, .5556, .6667, .7778, .8888, 1.0000" keyValue="4.87 0.59 1.4,    4.87 0.59 1.4, 
   4.87 0.59 1.4,  4.87 0.59 1.4,  4.87 0.59 1.4,  4.87 0.59 1.4,  4.87 0.59 1.4,  4.87 0.59 1.4,  4.87 0.59 1.4,">
  </PositionInterpolator>