<!--  манипулятор 3  -->  
  <OrientationInterpolator DEF="аниман21" key=", .0000, .0898, .1667,.2522, .3333, .3933, .4444, .4944, .5556,.5956, .6667, .7778, .8888, 1.0000" keyValue="0 0 0 0, 
  0 1 0 1.412,0 1 0 1.412,   0 1 0 1.412,  0 1 0 1.412,  0 1 0 1.412, 0 1 0 1.51,  0 1 0 4.65,   0 1 0 4.558,0 1 0 4.558,  0 1 0 4.558,  0 1 0 4.558, 0 1 0 4.558, 0 0 0 0">
  </OrientationInterpolator> 
  <OrientationInterpolator DEF="аниман22" key=", .0000, .0898, .1667,.2522, .3333, .3933,.4444,.4944, .5556, .5956,.6667, .7778, .8888, 1.0000" keyValue="0 0 0 0,
  1 0 0 -0.1, 1 0 0 -1.19,   1 0 0 -1.19,  1 0 0 -1.19,  1 0 0 0,     1 0 0 0,     1 0 0 0,      1 0 0 -1.133,1 0 0 -1.133,1 0 0 -1.133, 1 0 0 -1.133,1 0 0 -0.1,  0 0 0 0">
  </OrientationInterpolator> 
  <OrientationInterpolator DEF="аниман23" key=", .0000, .0898, .1667,.2522, .3333, .3933,.4444,.4944, .5556, .5956,.6667, .7778, .8888, 1.0000" keyValue="0 0 0 0, 
  1 0 0 -2.74,1 0 0 -0.234,  1 0 0 -0.634, 1 0 0 -0.634, 1 0 0 -1.7, 1 0 0 -1.7,  1 0 0 -1.7,   1 0 0 -0.54,  1 0 0 -0.54, 1 0 0 -0.3,  1 0 0 -0.3, 1 0 0 -2.74, 0 0 0 0  ">
  </OrientationInterpolator>
  <OrientationInterpolator DEF="аниман24" key=", .0000, .0898, .1667,.2522, .3333, .3933, .4444,.4944, .5556, .5956, .6667, .7778, .8888, 1.0000" keyValue="0 0 0 0, 
  1 0 0 1.3,  1 0 0 -1.32,   1 0 0 -1.32,  1 0 0 -1.32,  1 0 0 -1.32,1 0 0 -1.46, 1 0 0 -1.46,  1 0 0 -1.4,   1 0 0 -1.4,  1 0 0 -1.5,   1 0 0 1.45,   1 0 0 1.3,  0 0 0 0 ">
  </OrientationInterpolator>
  <!--  манипулятор 3 пальцы   -->
  <PositionInterpolator DEF="аниман25" key=", .0000, .0898, .1667, .3333, .3933, .4444,.4944, .5556,.5956, .6667, .7778, .8888, 1.0000" keyValue="-0.08 0.5 0.3,  
  -0.08 0.5 0.3, -0.08 0.5 0.3, -0.06 0.5 0.3, -0.06 0.5 0.3, -0.06 0.5 0.3, -0.06 0.5 0.3, -0.06 0.5 0.3, -0.08 0.5 0.3, -0.08 0.5 0.3, -0.08 0.5 0.3, -0.08 0.5 0.3 
  -0.08 0.5 0.3">
  </PositionInterpolator>
  <PositionInterpolator DEF="аниман26" key=", .0000, .0898, .1667, .3333,.3933, .4444,.4944, .5556,.5956, .6667, .7778, .8888, 1.0000" keyValue="0.08 0.5 0.3,    
   0.08 0.5 0.3,   0.08 0.5 0.3,  0.06 0.5 0.3,  0.06 0.5 0.3,  0.06 0.5 0.3,  0.06 0.5 0.3,  0.06 0.5 0.3,  0.08 0.5 0.3,   0.08 0.5 0.3, 0.08 0.5 0.3,  0.08 0.5 0.3, 
   0.08 0.5 0.3">
  </PositionInterpolator>
  <PositionInterpolator DEF="аниман27" key=", .0000, .0898, .1667, .3333,.3933, .4444,.4944, .5556,.5956, .6667, .7778, .8888, 1.0000" keyValue="-0.08 0.5 -0.3, 
  -0.08 0.5 -0.3,-0.08 0.5 -0.3,-0.06 0.5 -0.3,-0.06 0.5 -0.3,-0.06 0.5 -0.3,-0.06 0.5 -0.3,-0.06 0.5 -0.3,-0.08 0.5 -0.3,-0.08 0.5 -0.3,-0.08 0.5 -0.3,-0.08 0.5 -0.3,
  -0.08 0.5 -0.3">
  </PositionInterpolator>
  <PositionInterpolator DEF="аниман28" key=", .0000, .0898, .1667, .3333,.3933, .4444,.4944, .5556,.5956, .6667, .7778, .8888, 1.0000" keyValue="0.08 0.5 -0.3,
   0.08 0.5 -0.3,0.08 0.5 -0.3, 0.06 0.5 -0.3, 0.06 0.5 -0.3, 0.06 0.5 -0.3, 0.06 0.5 -0.3, 0.06 0.5 -0.3, 0.08 0.5 -0.3, 0.08 0.5 -0.3, 0.08 0.5 -0.3, 0.08 0.5 -0.3,
   0.08 0.5 -0.3">
  </PositionInterpolator> 
    <!--  деталь  2.5  -->
  <PositionInterpolator DEF="аниман29" key=", .0000, .0898, .1667, .3333, .3933, .4444,.4944, .5556,.5956, .6667, .7778, .8888, 1.0000" keyValue="12.5 0.88 1.4,
   12.5 0.88 1.4,12.5 0.88 1.4,12.5 0.88 1.4,12.5 0.88 1.4,12.5 0.88 1.4,12.5 0.88 1.4,12.5 0.88 1.4,12.5 0.88 1.4,12.5 0.88 1.4,16 0.88 1.4,16 0.88 1.4,16 0.88 1.4">
  </PositionInterpolator>















 <!--  деталь  1.1  -->
  <PositionInterpolator DEF="аниман0" key=", .0000, .0898, .1667,.2522, .3333, .3933, .4444, .4944, .5556,.5956, .6667,.6967, .7778, .8888,.9599, 1.0000" keyValue="-7.979 0.64 -1.9, -7.97 0.64 1.68"></PositionInterpolator>
  <!--  манипулятор 1    -->
  <OrientationInterpolator DEF="аниман1" key=", .0000, .0898, .1667,.2522, .3333, .3933, .4444, .4944, .5556,.5956, .6667,.6967, .7778, .8888,.9599, 1.0000" keyValue="0 0 0 0,  0 1 0 1.51,   0 1 0 1.51,    0 1 0 1.51,  0 1 0 4.65,   0 1 0 4.558, 0 1 0 4.558,  0 1 0 4.558,  0 1 0 4.558, 0 1 0 4.558, 0 0 0 0">
  </OrientationInterpolator> 
  <OrientationInterpolator DEF="аниман2" key=", .0000, .0898, .1667,.2522, .3333, .3933, .4444, .4944, .5556,.5956, .6667,.6967, .7778, .8888,.9599, 1.0000" keyValue="0 0 0 0, 1 0 0 -1.035,  1 0 0 -1.035,  1 0 0 0,     1 0 0 0,      1 0 0 -1.294,1 0 0 -1.294,1 0 0 -1.294, 1 0 0 -1.294,1 0 0 -0.1,  0 0 0 0">
  </OrientationInterpolator> 
  <OrientationInterpolator DEF="аниман3" key=", .0000, .0898, .1667,.2522, .3333, .3933, .4444, .4944, .5556,.5956, .6667,.6967, .7778, .8888,.9599, 1.0000" keyValue="0 0 0 0, 1 0 0 -0.895,  1 0 0 -0.895,  1 0 0 -1.7,  1 0 0 -1.7,   1 0 0 -0.44,  1 0 0 -0.44, 1 0 0 -0.3,  1 0 0 -0.3, 1 0 0 -2.74, 0 0 0 0 ">
  </OrientationInterpolator>
  <OrientationInterpolator DEF="аниман4" key=", .0000, .0898, .1667,.2522, .3333, .3933, .4444, .4944, .5556,.5956, .6667,.6967, .7778, .8888,.9599, 1.0000" keyValue="0 0 0 0, 1 0 0 -1.14,  1 0 0 -1.14,   1 0 0 -1.46, 1 0 0 -1.46,  1 0 0 -1.4,   1 0 0 -1.4,  1 0 0 -1.5,   1 0 0 1.45,   1 0 0 1.3, 0 0 0 0 ">
  </OrientationInterpolator>
  <!--  манипулятор 1 пальцы   -->
  <PositionInterpolator DEF="аниман5" key=", .0000, .0898, .1667,.2522, .3333, .3933, .4444, .4944, .5556,.5956, .6667,.6967, .7778, .8888,.9599, 1.0000" keyValue="-0.08 0.5 0.3,  -0.08 0.5 0.3, -0.06 0.5 0.3, -0.06 0.5 0.3, -0.06 0.5 0.3, -0.06 0.5 0.3, -0.08 0.5 0.3, -0.08 0.5 0.3,  -0.08 0.5 0.3 ">
  </PositionInterpolator>
  <PositionInterpolator DEF="аниман6" key=", .0000, .0898, .1667,.2522, .3333, .3933, .4444, .4944, .5556,.5956, .6667,.6967, .7778, .8888,.9599, 1.0000" keyValue="0.08 0.5 0.3,    0.08 0.5 0.3,   0.06 0.5 0.3,  0.06 0.5 0.3,  0.06 0.5 0.3,  0.06 0.5 0.3,  0.08 0.5 0.3,  0.08 0.5 0.3,   0.08 0.5 0.3">
  </PositionInterpolator>
  <PositionInterpolator DEF="аниман7" key=", .0000, .0898, .1667,.2522, .3333, .3933, .4444, .4944, .5556,.5956, .6667,.6967, .7778, .8888,.9599, 1.0000" keyValue="-0.08 0.5 -0.3, -0.08 0.5 -0.3,-0.06 0.5 -0.3,-0.06 0.5 -0.3,-0.06 0.5 -0.3,-0.06 0.5 -0.3,-0.08 0.5 -0.3,-0.08 0.5 -0.3,-0.08 0.5 -0.3">
  </PositionInterpolator>
  <PositionInterpolator DEF="аниман8" key=", .0000, .0898, .1667,.2522, .3333, .3933, .4444, .4944, .5556,.5956, .6667,.6967, .7778, .8888,.9599, 1.0000" keyValue="0.08 0.5 -0.3,   0.08 0.5 -0.3, 0.06 0.5 -0.3, 0.06 0.5 -0.3, 0.06 0.5 -0.3, 0.06 0.5 -0.3, 0.08 0.5 -0.3, 0.08 0.5 -0.3, 0.08 0.5 -0.3">
  </PositionInterpolator>
    <!--  деталь 1.3  -->
  <PositionInterpolator DEF="аниман9" key=", .0000, .0898, .1667,.2522, .3333, .3933, .4444, .4944, .5556,.5956, .6667,.6967, .7778, .8888,.9599, 1.0000" keyValue="-2.437 0.58 1.4, -1.7 0.58 1.4, -1.7 0.58 1.4, -1.7 0.58 1.4, -2.437 0.58 1.4, -2.437 0.58 1.4, -2.437 0.58 1.4, -2.437 0.58 1.4, -2.437 0.58 1.4, -2.437 0.58 1.4, -2.437 0.58 1.4,-2.437 0.58 1.4 ">
  </PositionInterpolator>
    <!--  пресс 1  -->
  <PositionInterpolator DEF="аниман10" key=", .0000, .0898, .1667,.2522, .3333, .3933, .4444, .4944, .5556,.5956, .6667,.6967, .7778, .8888,.9599, 1.0000" keyValue="-1.7 2.3 1.391 , -1.7 2.3 1.391 , -1.7 1.2 1.391,   -1.7 2.3 1.391 ">
  </PositionInterpolator>
    <!--  деталь 2.1  -->
  <PositionInterpolator DEF="аниман11" key=", .0000, .0898, .1667,.2522, .3333, .3933, .4444, .4944, .5556,.5956, .6667,.6967, .7778, .8888,.9599, 1.0000" keyValue="-1.7 0.58 1.4, -0.75 0.58 1.4">
  </PositionInterpolator>
      <!--  деталь 2.6  -->
  <PositionInterpolator DEF="аниман30" key=", .0000, .0898, .1667,.2522, .3333, .3933, .4444, .4944, .5556,.5956, .6667,.6967, .7778, .8888,.9599, 1.0000"
  keyValue="-1.7 0.58 1.4">
  </PositionInterpolator>
 <!--  манипулятор 2   -->
  <OrientationInterpolator DEF="аниман12" key=", .0000, .0898, .1667,.2522, .3333, .3933, .4444, .4944, .5556,.5956, .6667,.6967, .7778, .8888,.9599, 1.0000"
   keyValue="0 0 0 0, 0 1 0 1.412, 0 1 0 1.412, 0 1 0 1.412,  0 1 0 1.412, 0 1 0 1.412,  0 1 0 1.412,  0 1 0 1.412, 0 1 0 1.51,  0 1 0 4.65,   0 1 0 4.558,
   0 1 0 4.558,   0 1 0 4.558, 0 1 0 4.558, 0 1 0 4.558, 0 0 0 0">
  </OrientationInterpolator> 
  <OrientationInterpolator DEF="аниман13" key=", .0000, .0898, .1667,.2522, .3333, .3933, .4444, .4944, .5556,.5956, .6667,.6967, .7778, .8888,.9599, 1.0000" 
  keyValue="0 0 0 0, 1 0 0 -0.1, 1 0 0 -1, 1 0 0 -1,  1 0 0 -1.19,  1 0 0 -1.19,  1 0 0 -1.19,  1 0 0 0, 1 0 0 0, 1 0 0 0, 1 0 0 -1.294,1 0 0 -1.294,
  1 0 0 -1.294, 1 0 0 -1.294,1 0 0 -0.1,  0 0 0 0">
  </OrientationInterpolator> 
  <OrientationInterpolator DEF="аниман14" key=", .0000, .0898, .1667,.2522, .3333, .3933, .4444, .4944, .5556,.5956, .6667,.6967, .7778, .8888,.9599, 1.0000" 
  keyValue="0 0 0 0,  1 0 0 -2.74,1 0 0 -0.234, 1 0 0 -0.634,  1 0 0 -0.634, 1 0 0 -0.634, 1 0 0 -0.634, 1 0 0 -1.7, 1 0 0 -1.7,  1 0 0 -1.7,   1 0 0 -0.44,  1 0 0 -0.44, 1 0 0 -0.3,  1 0 0 -0.3, 1 0 0 -2.74, 0 0 0 0  ">
  </OrientationInterpolator>
  <OrientationInterpolator DEF="аниман15" key=", .0000, .0898, .1667,.2522, .3333, .3933, .4444, .4944, .5556,.5956, .6667,.6967, .7778, .8888,.9599, 1.0000" 
  keyValue="0 0 0 0,  1 0 0 1.30, 1 0 0 -1.4, 1 0 0 -1.4,  1 0 0 -1.4,  1 0 0 -1.4,  1 0 0 -1.4,  1 0 0 -1.4,1 0 0 -1.46, 1 0 0 -1.46,  1 0 0 -1.4,   
  1 0 0 -1.4, 1 0 0 -1.5,   1 0 0 1.45,   1 0 0 1.3, 0 0 0 0 ">
  </OrientationInterpolator>
    <!--  манипулятор 2 пальцы   -->
  <PositionInterpolator DEF="аниман16" key=", .0000, .0898, .1667,.2522, .3333, .3933, .4444, .4944, .5556,.5956, .6667,.6967, .7778, .8888,.9599, 1.0000" 
  keyValue="-0.08 0.5 0.3,-0.08 0.5 0.3,-0.08 0.5 0.3, -0.08 0.5 0.3,-0.08 0.5 0.3, -0.06 0.5 0.3, -0.06 0.5 0.3, -0.06 0.5 0.3, -0.06 0.5 0.3, -0.06 0.5 0.3,
  -0.06 0.5 0.3, -0.08 0.5 0.3, -0.08 0.5 0.3, -0.08 0.5 0.3 -0.08 0.5 0.3">
  </PositionInterpolator>
  <PositionInterpolator DEF="аниман17" key=", .0000, .0898, .1667,.2522, .3333, .3933, .4444, .4944, .5556,.5956, .6667,.6967, .7778, .8888,.9599, 1.0000" 
  keyValue="0.08 0.5 0.3, 0.08 0.5 0.3,0.08 0.5 0.3, 0.08 0.5 0.3,0.08 0.5 0.3,0.06 0.5 0.3,0.06 0.5 0.3,0.06 0.5 0.3,0.06 0.5 0.3,0.06 0.5 0.3,0.06 0.5 0.3,0.08 0.5 0.3, 0.08 0.5 0.3,0.08 0.5 0.3, 0.08 0.5 0.3">
  </PositionInterpolator>
  <PositionInterpolator DEF="аниман18" key=", .0000, .0898, .1667,.2522, .3333, .3933, .4444, .4944, .5556,.5956, .6667,.6967, .7778, .8888,.9599, 1.0000" 
  keyValue="-0.08 0.5 -0.3,-0.08 0.5 -0.3,-0.08 0.5 -0.3,-0.08 0.5 -0.3,-0.08 0.5 -0.3,-0.06 0.5 -0.3,-0.06 0.5 -0.3,-0.06 0.5 -0.3,-0.06 0.5 -0.3,
  -0.06 0.5 -0.3,-0.06 0.5 -0.3,-0.08 0.5 -0.3,-0.08 0.5 -0.3,-0.08 0.5 -0.3, -0.08 0.5 -0.3">
  </PositionInterpolator>
  <PositionInterpolator DEF="аниман19" key=", .0000, .0898, .1667,.2522, .3333, .3933, .4444, .4944, .5556,.5956, .6667,.6967, .7778, .8888,.9599, 1.0000"
   keyValue="0.08 0.5 -0.3,0.08 0.5 -0.3,0.08 0.5 -0.3,0.08 0.5 -0.3, 0.08 0.5 -0.3,0.06 0.5 -0.3, 0.06 0.5 -0.3, 0.06 0.5 -0.3, 0.06 0.5 -0.3, 0.06 0.5 -0.3,
    0.06 0.5 -0.3, 0.08 0.5 -0.3, 0.08 0.5 -0.3, 0.08 0.5 -0.3,0.08 0.5 -0.3">
  </PositionInterpolator> 
    <!--  деталь  2.3  -->
  <PositionInterpolator DEF="аниман20" key=", .0000, .0898, .1667,.2522, .3333, .3933, .4444, .4944, .5556,.5956, .6667,.6967, .7778, .8888,.9599, 1.0000" 
  keyValue="4.87 0.59 1.4, 6.87 0.61 1.4, 6.87 0.61 1.4, 6.87 0.61 1.4, 6.87 0.61 1.4, 6.87 0.61 1.4,4.87 0.59 1.4,4.87 0.59 1.4,4.87 0.59 1.4, 4.87 0.59 1.4, 4.87 0.59 1.4, 4.87 0.59 1.4, 4.87 0.59 1.4, 4.87 0.59 1.4, 4.87 0.59 1.4, 4.87 0.59 1.4">
  </PositionInterpolator>

 <!--  манипулятор 3  -->  
  <OrientationInterpolator DEF="аниман21" key=", .0000, .0898, .1667,.2522, .3333, .3933, .4444, .4944, .5556,.5956, .6667, .7778, .8888, 1.0000" keyValue="0 0 0 0, 
  0 1 0 1.412,0 1 0 1.412,   0 1 0 1.412,  0 1 0 1.412,  0 1 0 1.412, 0 1 0 1.51,  0 1 0 4.65,   0 1 0 4.558,0 1 0 4.558,  0 1 0 4.558,  0 1 0 4.558, 0 1 0 4.558, 0 0 0 0">
  </OrientationInterpolator> 
  <OrientationInterpolator DEF="аниман22" key=", .0000, .0898, .1667,.2522, .3333, .3933,.4444,.4944, .5556, .5956,.6667, .7778, .8888, 1.0000" keyValue="0 0 0 0,
  1 0 0 -0.1, 1 0 0 -1.19,   1 0 0 -1.19,  1 0 0 -1.19,  1 0 0 0,     1 0 0 0,     1 0 0 0,      1 0 0 -1.133,1 0 0 -1.133,1 0 0 -1.133, 1 0 0 -1.133,1 0 0 -0.1,  0 0 0 0">
  </OrientationInterpolator> 
  <OrientationInterpolator DEF="аниман23" key=", .0000, .0898, .1667,.2522, .3333, .3933,.4444,.4944, .5556, .5956,.6667, .7778, .8888, 1.0000" keyValue="0 0 0 0, 
  1 0 0 -2.74,1 0 0 -0.234,  1 0 0 -0.634, 1 0 0 -0.634, 1 0 0 -1.7, 1 0 0 -1.7,  1 0 0 -1.7,   1 0 0 -0.54,  1 0 0 -0.54, 1 0 0 -0.3,  1 0 0 -0.3, 1 0 0 -2.74, 0 0 0 0  ">
  </OrientationInterpolator>
  <OrientationInterpolator DEF="аниман24" key=", .0000, .0898, .1667,.2522, .3333, .3933, .4444,.4944, .5556, .5956, .6667, .7778, .8888, 1.0000" keyValue="0 0 0 0, 
  1 0 0 1.3,  1 0 0 -1.32,   1 0 0 -1.32,  1 0 0 -1.32,  1 0 0 -1.32,1 0 0 -1.46, 1 0 0 -1.46,  1 0 0 -1.4,   1 0 0 -1.4,  1 0 0 -1.5,   1 0 0 1.45,   1 0 0 1.3,  0 0 0 0 ">
  </OrientationInterpolator>
  <!--  манипулятор 3 пальцы   -->
  <PositionInterpolator DEF="аниман25" key=", .0000, .0898, .1667, .3333, .3933, .4444,.4944, .5556,.5956, .6667, .7778, .8888, 1.0000" keyValue="-0.08 0.5 0.3,  
  -0.08 0.5 0.3, -0.08 0.5 0.3, -0.06 0.5 0.3, -0.06 0.5 0.3, -0.06 0.5 0.3, -0.06 0.5 0.3, -0.06 0.5 0.3, -0.08 0.5 0.3, -0.08 0.5 0.3, -0.08 0.5 0.3, -0.08 0.5 0.3 
  -0.08 0.5 0.3">
  </PositionInterpolator>
  <PositionInterpolator DEF="аниман26" key=", .0000, .0898, .1667, .3333,.3933, .4444,.4944, .5556,.5956, .6667, .7778, .8888, 1.0000" keyValue="0.08 0.5 0.3,    
   0.08 0.5 0.3,   0.08 0.5 0.3,  0.06 0.5 0.3,  0.06 0.5 0.3,  0.06 0.5 0.3,  0.06 0.5 0.3,  0.06 0.5 0.3,  0.08 0.5 0.3,   0.08 0.5 0.3, 0.08 0.5 0.3,  0.08 0.5 0.3, 
   0.08 0.5 0.3">
  </PositionInterpolator>
  <PositionInterpolator DEF="аниман27" key=", .0000, .0898, .1667, .3333,.3933, .4444,.4944, .5556,.5956, .6667, .7778, .8888, 1.0000" keyValue="-0.08 0.5 -0.3, 
  -0.08 0.5 -0.3,-0.08 0.5 -0.3,-0.06 0.5 -0.3,-0.06 0.5 -0.3,-0.06 0.5 -0.3,-0.06 0.5 -0.3,-0.06 0.5 -0.3,-0.08 0.5 -0.3,-0.08 0.5 -0.3,-0.08 0.5 -0.3,-0.08 0.5 -0.3,
  -0.08 0.5 -0.3">
  </PositionInterpolator>
  <PositionInterpolator DEF="аниман28" key=", .0000, .0898, .1667, .3333,.3933, .4444,.4944, .5556,.5956, .6667, .7778, .8888, 1.0000" keyValue="0.08 0.5 -0.3,
   0.08 0.5 -0.3,0.08 0.5 -0.3, 0.06 0.5 -0.3, 0.06 0.5 -0.3, 0.06 0.5 -0.3, 0.06 0.5 -0.3, 0.06 0.5 -0.3, 0.08 0.5 -0.3, 0.08 0.5 -0.3, 0.08 0.5 -0.3, 0.08 0.5 -0.3,
   0.08 0.5 -0.3">
  </PositionInterpolator> 
    <!--  деталь  2.5  -->
  <PositionInterpolator DEF="аниман29" key=", .0000, .0898, .1667, .3333, .3933, .4444,.4944, .5556,.5956, .6667, .7778, .8888, 1.0000" keyValue="12.5 0.88 1.4,
   12.5 0.88 1.4,12.5 0.88 1.4,12.5 0.88 1.4,12.5 0.88 1.4,12.5 0.88 1.4,12.5 0.88 1.4,12.5 0.88 1.4,12.5 0.88 1.4,12.5 0.88 1.4,16 0.88 1.4,16 0.88 1.4,16 0.88 1.4">
  </PositionInterpolator>